4;186.41044249502286;189.40082625403977;	179.704720549;96.6779363519;
4;186.41044249502286;189.40082625403977;	157.042391499;276.477650907;
4;186.41044249502286;189.40082625403977;	251.727795801;175.92328298;
4;186.41044249502286;189.40082625403977;	88.8514882287;127.917920794;
4;186.41044249502286;189.40082625403977;	269.651969802;114.559242098;
2;-93.2365060820847;192.14199493168675;	-104.219849084;203.624686903;
2;-93.2365060820847;192.14199493168675;	-106.762323522;187.860706505;
2;-93.2365060820847;192.14199493168675;	2.09618957846;242.182741276;
2;-93.2365060820847;192.14199493168675;	-30.2822434104;155.254945197;
2;-93.2365060820847;192.14199493168675;	-84.553437703;238.050103344;
2;-93.2365060820847;192.14199493168675;	-52.4130095046;68.1388992013;
1;140.64235349017366;-209.196284481043;	59.2103303922;-239.941244152;
1;140.64235349017366;-209.196284481043;	175.113700585;-158.168592343;
1;140.64235349017366;-209.196284481043;	79.0882214624;-230.82601514;
1;140.64235349017366;-209.196284481043;	2.86611816107;-242.547552506;
1;140.64235349017366;-209.196284481043;	269.352858182;-115.946269509;
1;140.64235349017366;-209.196284481043;	154.701543736;-226.323968036;
4;186.41044249502286;189.40082625403977;	112.41419936;260.555729423;
4;186.41044249502286;189.40082625403977;	212.692886895;245.149303219;
4;186.41044249502286;189.40082625403977;	299.331832867;287.30507963;
4;186.41044249502286;189.40082625403977;	240.90286266;96.3029381505;
4;186.41044249502286;189.40082625403977;	128.57242453;125.356773813;
2;-93.2365060820847;192.14199493168675;	-96.3460742689;113.90126586;
2;-93.2365060820847;192.14199493168675;	-79.0129493926;82.0473751032;
2;-93.2365060820847;192.14199493168675;	-190.891432123;164.363673604;
2;-93.2365060820847;192.14199493168675;	-183.023405382;215.830962095;
2;-93.2365060820847;192.14199493168675;	33.7164028799;134.097748593;
2;-93.2365060820847;192.14199493168675;	-38.4090506672;163.356636188;
2;-93.2365060820847;192.14199493168675;	-127.011378753;158.254372294;
6;-153.40971545446058;-189.16363789675248;	-295.88735411;-279.249788274;
6;-153.40971545446058;-189.16363789675248;	-11.144197997;-120.172791673;
6;-153.40971545446058;-189.16363789675248;	-257.132045857;-150.317423655;
6;-153.40971545446058;-189.16363789675248;	-246.582752953;-203.306221146;
6;-153.40971545446058;-189.16363789675248;	-28.0982875734;-291.925974027;
6;-153.40971545446058;-189.16363789675248;	-37.769367137;-168.629150215;
6;-153.40971545446058;-189.16363789675248;	-162.940742221;-248.974779282;
6;-153.40971545446058;-189.16363789675248;	-23.299009476;-197.365664837;
6;-153.40971545446058;-189.16363789675248;	-291.281772161;-145.449136527;
6;-153.40971545446058;-189.16363789675248;	-68.1301105845;-223.387220443;
6;-153.40971545446058;-189.16363789675248;	-103.780425855;-220.885362017;
6;-153.40971545446058;-189.16363789675248;	-73.6232073216;-77.7996933688;
6;-153.40971545446058;-189.16363789675248;	-57.8712295678;-243.237729273;
6;-153.40971545446058;-189.16363789675248;	-87.1927201793;-64.7485801885;
6;-153.40971545446058;-189.16363789675248;	-13.318010976;-178.343317483;
6;-153.40971545446058;-189.16363789675248;	-285.391519363;-252.841163658;
6;-153.40971545446058;-189.16363789675248;	-160.518127959;-168.179792317;
6;-153.40971545446058;-189.16363789675248;	-138.305161429;-101.223697604;
6;-153.40971545446058;-189.16363789675248;	-177.175822991;-299.414878011;
6;-153.40971545446058;-189.16363789675248;	-100.532146717;-194.214990271;
6;-153.40971545446058;-189.16363789675248;	-224.962078149;-295.616414962;
6;-153.40971545446058;-189.16363789675248;	-203.885872951;-292.523471992;
6;-153.40971545446058;-189.16363789675248;	-14.9320377109;-136.268966962;
6;-153.40971545446058;-189.16363789675248;	-127.054584693;-180.112074317;
6;-153.40971545446058;-189.16363789675248;	-183.288171938;-129.461357752;
6;-153.40971545446058;-189.16363789675248;	-95.4522901505;-262.232872346;
6;-153.40971545446058;-189.16363789675248;	-143.904993067;-241.303866524;
6;-153.40971545446058;-189.16363789675248;	-225.263191667;-215.536126513;
6;-153.40971545446058;-189.16363789675248;	-223.133697786;-273.182845832;
6;-153.40971545446058;-189.16363789675248;	-35.2659543611;-67.1159238663;
6;-153.40971545446058;-189.16363789675248;	-201.608650777;-107.749061584;
2;-93.2365060820847;192.14199493168675;	-59.847892232;127.708276616;
2;-93.2365060820847;192.14199493168675;	-33.7415324556;202.859004635;
2;-93.2365060820847;192.14199493168675;	-55.8446635406;166.68809922;
2;-93.2365060820847;192.14199493168675;	46.8004013443;238.486428005;
1;140.64235349017366;-209.196284481043;	143.285105861;-162.693905795;
1;140.64235349017366;-209.196284481043;	207.980270506;-225.947117228;
1;140.64235349017366;-209.196284481043;	35.2176042497;-181.311970701;
1;140.64235349017366;-209.196284481043;	298.578937175;-256.537397414;
1;140.64235349017366;-209.196284481043;	259.972248847;-230.2930794;
4;186.41044249502286;189.40082625403977;	122.287421053;251.009719608;
4;186.41044249502286;189.40082625403977;	296.939790303;282.812886048;
4;186.41044249502286;189.40082625403977;	259.658975923;242.135250973;
4;186.41044249502286;189.40082625403977;	182.688977546;101.858903955;
4;186.41044249502286;189.40082625403977;	72.2922304194;212.631145813;
4;186.41044249502286;189.40082625403977;	178.231973669;168.010203317;
4;186.41044249502286;189.40082625403977;	276.244043526;130.847853543;
4;186.41044249502286;189.40082625403977;	296.805503059;87.7919675812;
4;186.41044249502286;189.40082625403977;	70.0398393233;201.635471462;
4;186.41044249502286;189.40082625403977;	64.7769635324;253.773157701;
4;186.41044249502286;189.40082625403977;	282.090336934;83.4058483745;
2;-93.2365060820847;192.14199493168675;	-214.782136546;268.722260143;
2;-93.2365060820847;192.14199493168675;	-42.7906302995;147.837214197;
2;-93.2365060820847;192.14199493168675;	-270.241473946;268.965468277;
1;140.64235349017366;-209.196284481043;	97.9167879699;-246.21515184;
1;140.64235349017366;-209.196284481043;	69.3392328225;-146.661265293;
1;140.64235349017366;-209.196284481043;	151.931382111;-142.070177673;
1;140.64235349017366;-209.196284481043;	202.517168615;-222.136030684;
1;140.64235349017366;-209.196284481043;	14.8613379534;-222.728231977;
1;140.64235349017366;-209.196284481043;	171.951555641;-197.616943818;
3;131.33929271236096;-12.723573407976126;	170.643982024;-76.6243361789;
3;131.33929271236096;-12.723573407976126;	123.10134735;-15.7814904722;
3;131.33929271236096;-12.723573407976126;	224.7985778;-69.1768846673;
3;131.33929271236096;-12.723573407976126;	102.980145745;-91.7982796956;
3;131.33929271236096;-12.723573407976126;	-6.28950939878;-26.4157406935;
3;131.33929271236096;-12.723573407976126;	96.7067940327;90.8254959622;
3;131.33929271236096;-12.723573407976126;	108.960133624;-78.2762428811;
3;131.33929271236096;-12.723573407976126;	149.256659835;-80.0367294613;
3;131.33929271236096;-12.723573407976126;	102.113812538;-91.5763287562;
3;131.33929271236096;-12.723573407976126;	204.321671366;48.7973836407;
3;131.33929271236096;-12.723573407976126;	235.924299985;32.4647468523;
3;131.33929271236096;-12.723573407976126;	299.450930382;48.4816346365;
3;131.33929271236096;-12.723573407976126;	85.7632370707;79.4620067574;
3;131.33929271236096;-12.723573407976126;	89.254930947;-7.34024203846;
3;131.33929271236096;-12.723573407976126;	75.3885449927;-45.2126572846;
3;131.33929271236096;-12.723573407976126;	272.935334088;6.43270448316;
3;131.33929271236096;-12.723573407976126;	-4.80494782731;-95.8936387363;
3;131.33929271236096;-12.723573407976126;	71.1516017761;-110.668622699;
3;131.33929271236096;-12.723573407976126;	280.509663626;-47.2850723097;
3;131.33929271236096;-12.723573407976126;	249.867603771;25.3016386541;
3;131.33929271236096;-12.723573407976126;	162.430266955;67.0315109532;
3;131.33929271236096;-12.723573407976126;	57.860869127;-52.6563163012;
3;131.33929271236096;-12.723573407976126;	299.758965529;-51.8151273569;
3;131.33929271236096;-12.723573407976126;	28.5477777852;-55.1466256426;
3;131.33929271236096;-12.723573407976126;	208.497997165;-56.1865133922;
3;131.33929271236096;-12.723573407976126;	192.584423375;49.0287268004;
3;131.33929271236096;-12.723573407976126;	99.3235091047;4.52499921817;
3;131.33929271236096;-12.723573407976126;	31.0426525433;-56.4021761254;
3;131.33929271236096;-12.723573407976126;	263.761866236;-57.7027869654;
3;131.33929271236096;-12.723573407976126;	237.544000258;26.4897108691;
3;131.33929271236096;-12.723573407976126;	127.258305781;-49.7996642665;
3;131.33929271236096;-12.723573407976126;	217.930479519;-42.7363948179;
3;131.33929271236096;-12.723573407976126;	87.7441718776;-39.2892674066;
3;131.33929271236096;-12.723573407976126;	117.671184956;-73.9990840897;
3;131.33929271236096;-12.723573407976126;	42.1808949657;-95.8568680875;
3;131.33929271236096;-12.723573407976126;	-4.54166827625;-48.4594107055;
3;131.33929271236096;-12.723573407976126;	241.624083194;-0.112307339381;
4;186.41044249502286;189.40082625403977;	239.149125867;273.305969555;
4;186.41044249502286;189.40082625403977;	237.334744922;94.8396962368;
4;186.41044249502286;189.40082625403977;	163.288046871;274.488695358;
4;186.41044249502286;189.40082625403977;	137.425756458;250.016823618;
6;-153.40971545446058;-189.16363789675248;	-268.681112561;-278.536971549;
6;-153.40971545446058;-189.16363789675248;	-227.383550471;-123.627931163;
6;-153.40971545446058;-189.16363789675248;	-134.22812381;-205.476547677;
6;-153.40971545446058;-189.16363789675248;	-88.7664110632;-187.910376088;
6;-153.40971545446058;-189.16363789675248;	-175.732602277;-263.344524634;
1;140.64235349017366;-209.196284481043;	-3.84319641375;-206.828513838;
1;140.64235349017366;-209.196284481043;	285.753661414;-255.216146166;
1;140.64235349017366;-209.196284481043;	239.40588484;-219.736402528;
1;140.64235349017366;-209.196284481043;	127.429088069;-230.593297946;
1;140.64235349017366;-209.196284481043;	278.592895779;-149.768555935;
1;140.64235349017366;-209.196284481043;	192.066371996;-263.823280463;
1;140.64235349017366;-209.196284481043;	2.58753144521;-277.46857208;
1;140.64235349017366;-209.196284481043;	121.923162278;-158.406671044;
1;140.64235349017366;-209.196284481043;	87.7961437599;-128.819986477;
1;140.64235349017366;-209.196284481043;	-3.03631236993;-253.749393498;
1;140.64235349017366;-209.196284481043;	273.948920861;-263.015530039;
1;140.64235349017366;-209.196284481043;	40.8257620373;-276.003889639;
1;140.64235349017366;-209.196284481043;	87.3610687758;-160.586838554;
1;140.64235349017366;-209.196284481043;	273.529559974;-120.825425795;
4;186.41044249502286;189.40082625403977;	176.228684267;104.836729833;
4;186.41044249502286;189.40082625403977;	235.901565472;70.0624647969;
4;186.41044249502286;189.40082625403977;	293.229663823;294.797125513;
4;186.41044249502286;189.40082625403977;	153.8423509;112.630154193;
4;186.41044249502286;189.40082625403977;	92.8287673526;222.36819422;
4;186.41044249502286;189.40082625403977;	286.403249567;206.555692098;
6;-153.40971545446058;-189.16363789675248;	-190.480409524;-132.863625114;
6;-153.40971545446058;-189.16363789675248;	-195.943011203;-243.392931654;
6;-153.40971545446058;-189.16363789675248;	-93.6813964091;-206.966642029;
2;-93.2365060820847;192.14199493168675;	-236.93168152;267.843807334;
2;-93.2365060820847;192.14199493168675;	-16.1445080018;56.3770975897;
2;-93.2365060820847;192.14199493168675;	-42.90008839;277.126337023;
2;-93.2365060820847;192.14199493168675;	-115.641279584;180.828376355;
2;-93.2365060820847;192.14199493168675;	-170.744855616;247.878229293;
2;-93.2365060820847;192.14199493168675;	-53.1168482018;252.186561947;
2;-93.2365060820847;192.14199493168675;	-175.814968792;278.97131931;
2;-93.2365060820847;192.14199493168675;	-91.4636903279;235.018152672;
2;-93.2365060820847;192.14199493168675;	-138.679386194;149.320672181;
2;-93.2365060820847;192.14199493168675;	-261.390179847;227.632014097;
2;-93.2365060820847;192.14199493168675;	-226.730789935;224.345530889;
2;-93.2365060820847;192.14199493168675;	3.01612914183;128.728738261;
2;-93.2365060820847;192.14199493168675;	-243.613980962;221.537496373;
2;-93.2365060820847;192.14199493168675;	-78.2422781701;140.967417796;
2;-93.2365060820847;192.14199493168675;	-58.7612036079;186.021912948;
2;-93.2365060820847;192.14199493168675;	20.345888193;116.875905404;
2;-93.2365060820847;192.14199493168675;	-10.3870850951;274.034495851;
2;-93.2365060820847;192.14199493168675;	11.5448182898;199.288093572;
2;-93.2365060820847;192.14199493168675;	-131.45870678;254.178354778;
2;-93.2365060820847;192.14199493168675;	-65.4816107517;107.802087038;
2;-93.2365060820847;192.14199493168675;	-73.7254266618;89.1671623229;
2;-93.2365060820847;192.14199493168675;	-37.9923692378;183.336350428;
2;-93.2365060820847;192.14199493168675;	36.7820881107;151.282768365;
2;-93.2365060820847;192.14199493168675;	-145.043971403;297.918426683;
2;-93.2365060820847;192.14199493168675;	-55.1554506615;291.711774133;
1;140.64235349017366;-209.196284481043;	95.9908153516;-295.51792721;
1;140.64235349017366;-209.196284481043;	255.154431528;-238.39745222;
1;140.64235349017366;-209.196284481043;	52.114544046;-222.430819596;
1;140.64235349017366;-209.196284481043;	238.980195085;-179.80648997;
1;140.64235349017366;-209.196284481043;	4.38568976417;-176.927246351;
1;140.64235349017366;-209.196284481043;	223.267546617;-262.546477588;
1;140.64235349017366;-209.196284481043;	128.410616669;-251.032447113;
1;140.64235349017366;-209.196284481043;	284.07241816;-264.274060466;
1;140.64235349017366;-209.196284481043;	191.390571284;-191.634818315;
4;186.41044249502286;189.40082625403977;	138.480421953;228.811199357;
4;186.41044249502286;189.40082625403977;	155.994060458;167.439543411;
4;186.41044249502286;189.40082625403977;	92.1859219367;170.586777891;
6;-153.40971545446058;-189.16363789675248;	-209.823728682;-194.380702729;
6;-153.40971545446058;-189.16363789675248;	-64.2150394315;-237.027225315;
6;-153.40971545446058;-189.16363789675248;	-46.1762153498;-292.823456289;
6;-153.40971545446058;-189.16363789675248;	-50.8512862602;-81.5412235872;
6;-153.40971545446058;-189.16363789675248;	-206.378622656;-263.655307252;
6;-153.40971545446058;-189.16363789675248;	-30.543750669;-170.014449732;
6;-153.40971545446058;-189.16363789675248;	-124.694634128;-289.655041945;
6;-153.40971545446058;-189.16363789675248;	-179.407920008;-91.6974733699;
4;186.41044249502286;189.40082625403977;	171.143637854;236.992087265;
4;186.41044249502286;189.40082625403977;	215.614465459;280.359009831;
4;186.41044249502286;189.40082625403977;	172.689514353;193.565405105;
4;186.41044249502286;189.40082625403977;	120.113610457;150.313509918;
4;186.41044249502286;189.40082625403977;	164.973089125;104.268699345;
4;186.41044249502286;189.40082625403977;	90.5698000469;146.17485218;
4;186.41044249502286;189.40082625403977;	106.642626481;124.671093452;
4;186.41044249502286;189.40082625403977;	222.688119358;170.611404882;
1;140.64235349017366;-209.196284481043;	7.41166466628;-261.833522596;
1;140.64235349017366;-209.196284481043;	234.41661227;-229.478688118;
1;140.64235349017366;-209.196284481043;	262.679687369;-204.655542381;
1;140.64235349017366;-209.196284481043;	192.495349164;-283.385463926;
7;-189.68219138512433;36.51994902667592;	-235.618574807;-36.636246802;
7;-189.68219138512433;36.51994902667592;	-64.9723585088;-33.2328434066;
7;-189.68219138512433;36.51994902667592;	-263.97172237;129.307086917;
7;-189.68219138512433;36.51994902667592;	-251.31102969;-59.3683802162;
7;-189.68219138512433;36.51994902667592;	-250.457443368;118.174223709;
7;-189.68219138512433;36.51994902667592;	-120.331138004;100.754098697;
7;-189.68219138512433;36.51994902667592;	-96.4965843617;0.126663068834;
7;-189.68219138512433;36.51994902667592;	-294.822907965;-18.0059797123;
7;-189.68219138512433;36.51994902667592;	-122.314904298;-48.7539342572;
7;-189.68219138512433;36.51994902667592;	-262.12888517;-24.9650999992;
7;-189.68219138512433;36.51994902667592;	-217.747787715;142.71886044;
7;-189.68219138512433;36.51994902667592;	-240.110489545;144.470185473;
7;-189.68219138512433;36.51994902667592;	-112.008643869;6.57213869161;
7;-189.68219138512433;36.51994902667592;	-180.7821335;-63.1127238396;
7;-189.68219138512433;36.51994902667592;	-211.33953542;144.572166099;
7;-189.68219138512433;36.51994902667592;	-107.680850859;8.87416393509;
7;-189.68219138512433;36.51994902667592;	-36.2167625181;17.0668917228;
7;-189.68219138512433;36.51994902667592;	-91.1816449973;53.9408671537;
7;-189.68219138512433;36.51994902667592;	-136.878963665;14.1806424651;
7;-189.68219138512433;36.51994902667592;	-101.347020015;-15.7091111506;
7;-189.68219138512433;36.51994902667592;	-211.780003734;75.9839665577;
7;-189.68219138512433;36.51994902667592;	-144.67017816;-68.8154692647;
7;-189.68219138512433;36.51994902667592;	-95.9046021365;-27.2808236026;
7;-189.68219138512433;36.51994902667592;	-235.347272079;15.3433874522;
7;-189.68219138512433;36.51994902667592;	-242.249627053;-47.5184434866;
7;-189.68219138512433;36.51994902667592;	-216.611409663;94.7234629551;
7;-189.68219138512433;36.51994902667592;	-211.540635963;8.37461139618;
7;-189.68219138512433;36.51994902667592;	-249.314326907;25.2732171724;
7;-189.68219138512433;36.51994902667592;	-282.167871391;85.8800988237;
7;-189.68219138512433;36.51994902667592;	-206.894431323;-78.3869743187;
7;-189.68219138512433;36.51994902667592;	-286.240535095;198.397747246;
7;-189.68219138512433;36.51994902667592;	-250.906510009;46.5781273135;
7;-189.68219138512433;36.51994902667592;	-45.5645858586;22.5053975401;
7;-189.68219138512433;36.51994902667592;	-287.487936316;101.780156331;
7;-189.68219138512433;36.51994902667592;	-186.094544955;-18.6643642875;
7;-189.68219138512433;36.51994902667592;	-191.624548664;-30.0695582744;
7;-189.68219138512433;36.51994902667592;	-121.981720925;23.333418385;
7;-189.68219138512433;36.51994902667592;	-151.303825422;52.318165043;
7;-189.68219138512433;36.51994902667592;	-129.243019634;69.0352911245;
7;-189.68219138512433;36.51994902667592;	-231.069994923;133.200448516;
7;-189.68219138512433;36.51994902667592;	-253.669952465;-31.6783036051;
7;-189.68219138512433;36.51994902667592;	-142.672227819;-27.3597877467;
7;-189.68219138512433;36.51994902667592;	-255.316829311;62.3918974929;
7;-189.68219138512433;36.51994902667592;	-295.980627024;-30.0878281709;
7;-189.68219138512433;36.51994902667592;	-37.0634699593;-19.2887724139;
7;-189.68219138512433;36.51994902667592;	-258.599471894;51.2249802524;
7;-189.68219138512433;36.51994902667592;	-271.994166918;109.544034701;
7;-189.68219138512433;36.51994902667592;	-295.254313191;196.415363899;
7;-189.68219138512433;36.51994902667592;	-229.391694686;51.8247232845;
7;-189.68219138512433;36.51994902667592;	-228.932402653;115.481906873;
7;-189.68219138512433;36.51994902667592;	-249.764836957;-42.5362824285;
7;-189.68219138512433;36.51994902667592;	-262.402130185;-21.8118057266;
7;-189.68219138512433;36.51994902667592;	-240.568887292;140.915751039;
7;-189.68219138512433;36.51994902667592;	-146.86605865;32.4659830132;
7;-189.68219138512433;36.51994902667592;	-116.518367667;80.5176651089;
7;-189.68219138512433;36.51994902667592;	-209.682486319;-60.5242616029;
7;-189.68219138512433;36.51994902667592;	-51.410011034;-26.3570045362;
7;-189.68219138512433;36.51994902667592;	-190.570343952;-65.0667145327;
7;-189.68219138512433;36.51994902667592;	-138.871933494;79.5804872134;
7;-189.68219138512433;36.51994902667592;	-252.878663388;13.8053796301;
7;-189.68219138512433;36.51994902667592;	-244.244201976;174.278615223;
7;-189.68219138512433;36.51994902667592;	-44.8188646853;53.6532838096;
7;-189.68219138512433;36.51994902667592;	-109.690752858;94.5649095895;
7;-189.68219138512433;36.51994902667592;	-122.322117649;101.811083152;
7;-189.68219138512433;36.51994902667592;	-254.502984804;57.4533747272;
7;-189.68219138512433;36.51994902667592;	-277.70279544;-22.3416299332;
7;-189.68219138512433;36.51994902667592;	-61.3046304331;39.2704494293;
7;-189.68219138512433;36.51994902667592;	-211.572815255;44.2703932176;
7;-189.68219138512433;36.51994902667592;	-273.201785092;195.433446289;
7;-189.68219138512433;36.51994902667592;	-174.266613051;-54.4204369909;
1;140.64235349017366;-209.196284481043;	118.864802352;-146.137504021;
1;140.64235349017366;-209.196284481043;	139.253305457;-282.657078804;
1;140.64235349017366;-209.196284481043;	38.8873140462;-159.830638464;
1;140.64235349017366;-209.196284481043;	227.837146796;-274.703142253;
1;140.64235349017366;-209.196284481043;	243.173267767;-290.141915982;
1;140.64235349017366;-209.196284481043;	78.8290106292;-230.430713789;
1;140.64235349017366;-209.196284481043;	75.1022873687;-156.92905395;
2;-93.2365060820847;192.14199493168675;	-13.6950826106;74.4665671612;
2;-93.2365060820847;192.14199493168675;	-32.8839437928;77.8359799926;
2;-93.2365060820847;192.14199493168675;	28.5386034307;266.571543622;
4;186.41044249502286;189.40082625403977;	281.34271692;130.171396172;
4;186.41044249502286;189.40082625403977;	176.845207926;101.275183956;
4;186.41044249502286;189.40082625403977;	101.853476295;254.725448677;
4;186.41044249502286;189.40082625403977;	279.349295235;116.04906752;
4;186.41044249502286;189.40082625403977;	152.853128239;166.416861171;
4;186.41044249502286;189.40082625403977;	177.381315321;195.269742882;
4;186.41044249502286;189.40082625403977;	207.344419615;104.154040618;
4;186.41044249502286;189.40082625403977;	51.7497280537;252.437921153;
4;186.41044249502286;189.40082625403977;	67.7529289223;267.851068061;
4;186.41044249502286;189.40082625403977;	233.795704999;104.133990224;
4;186.41044249502286;189.40082625403977;	80.9930346735;291.997887572;
2;-93.2365060820847;192.14199493168675;	-125.572020787;252.209263386;
2;-93.2365060820847;192.14199493168675;	-125.013114348;192.659374726;
2;-93.2365060820847;192.14199493168675;	24.5913050787;194.825793777;
2;-93.2365060820847;192.14199493168675;	-291.230119415;267.162521822;
2;-93.2365060820847;192.14199493168675;	-165.968801185;289.904117451;
1;140.64235349017366;-209.196284481043;	117.259405981;-190.0613159;
1;140.64235349017366;-209.196284481043;	284.227920893;-298.061815801;
1;140.64235349017366;-209.196284481043;	287.038999381;-270.177912475;
1;140.64235349017366;-209.196284481043;	150.686882605;-129.849158914;
1;140.64235349017366;-209.196284481043;	153.628390251;-199.31605946;
1;140.64235349017366;-209.196284481043;	199.868231842;-248.994320442;
3;131.33929271236096;-12.723573407976126;	8.25997042692;-36.0180808404;
3;131.33929271236096;-12.723573407976126;	279.475641201;38.5025404969;
3;131.33929271236096;-12.723573407976126;	180.136336225;65.1240498024;
3;131.33929271236096;-12.723573407976126;	99.3707901222;64.551396817;
3;131.33929271236096;-12.723573407976126;	200.947135243;-11.2677084802;
3;131.33929271236096;-12.723573407976126;	-2.51069825151;-13.0718137865;
3;131.33929271236096;-12.723573407976126;	-7.80308608015;40.5074997357;
3;131.33929271236096;-12.723573407976126;	121.008591226;52.2999277276;
3;131.33929271236096;-12.723573407976126;	100.921543218;-106.451845936;
3;131.33929271236096;-12.723573407976126;	190.066070023;63.6858939075;
3;131.33929271236096;-12.723573407976126;	-5.64104259873;40.9968198264;
3;131.33929271236096;-12.723573407976126;	90.5075028712;-52.1666193363;
3;131.33929271236096;-12.723573407976126;	131.457917566;89.6235226124;
3;131.33929271236096;-12.723573407976126;	68.2601467872;-72.3001112725;
3;131.33929271236096;-12.723573407976126;	115.876461275;-10.9290093087;
3;131.33929271236096;-12.723573407976126;	36.4197653477;12.1518298937;
1;140.64235349017366;-209.196284481043;	120.874158833;-122.775969522;
1;140.64235349017366;-209.196284481043;	39.6221046326;-141.265714105;
1;140.64235349017366;-209.196284481043;	120.285572933;-253.352888354;
4;186.41044249502286;189.40082625403977;	104.56604152;299.017151078;
4;186.41044249502286;189.40082625403977;	181.656739518;170.212783525;
4;186.41044249502286;189.40082625403977;	283.986726837;297.373537098;
4;186.41044249502286;189.40082625403977;	266.218963825;180.743513071;
4;186.41044249502286;189.40082625403977;	191.276837541;262.173471249;
4;186.41044249502286;189.40082625403977;	208.089527124;99.3838984905;
2;-93.2365060820847;192.14199493168675;	-145.423988582;294.424843258;
2;-93.2365060820847;192.14199493168675;	-71.0518957223;299.447619211;
2;-93.2365060820847;192.14199493168675;	31.1924019006;208.430810221;
2;-93.2365060820847;192.14199493168675;	-98.1664081528;140.380972515;
2;-93.2365060820847;192.14199493168675;	-21.7263105478;188.078665326;
2;-93.2365060820847;192.14199493168675;	-145.005759541;251.280248578;
2;-93.2365060820847;192.14199493168675;	-135.574819613;196.015918155;
2;-93.2365060820847;192.14199493168675;	-30.1392275256;66.9727018402;
2;-93.2365060820847;192.14199493168675;	-65.0285180229;145.143745216;
2;-93.2365060820847;192.14199493168675;	-69.927147476;204.490109123;
2;-93.2365060820847;192.14199493168675;	-42.3692037779;112.657428242;
2;-93.2365060820847;192.14199493168675;	-27.7854399688;120.613196032;
2;-93.2365060820847;192.14199493168675;	-176.377920469;147.300724615;
2;-93.2365060820847;192.14199493168675;	-58.8390382334;163.979464999;
4;186.41044249502286;189.40082625403977;	56.9981131984;272.645854161;
4;186.41044249502286;189.40082625403977;	200.488324233;148.380492548;
4;186.41044249502286;189.40082625403977;	158.427002745;104.046120111;
4;186.41044249502286;189.40082625403977;	237.915914128;119.930026765;
4;186.41044249502286;189.40082625403977;	208.265114867;215.704008423;
1;140.64235349017366;-209.196284481043;	125.994297593;-146.882358886;
1;140.64235349017366;-209.196284481043;	170.704300972;-128.605374021;
1;140.64235349017366;-209.196284481043;	182.25210626;-241.390198136;
1;140.64235349017366;-209.196284481043;	207.809015613;-115.486580244;
1;140.64235349017366;-209.196284481043;	242.497061766;-198.246260979;
6;-153.40971545446058;-189.16363789675248;	-287.785448697;-143.989244166;
6;-153.40971545446058;-189.16363789675248;	-288.793915919;-103.05766499;
6;-153.40971545446058;-189.16363789675248;	-137.212981399;-128.845446181;
6;-153.40971545446058;-189.16363789675248;	-214.164888196;-95.0516893088;
6;-153.40971545446058;-189.16363789675248;	-153.381886351;-132.724441165;
6;-153.40971545446058;-189.16363789675248;	-90.0266011337;-217.159763503;
6;-153.40971545446058;-189.16363789675248;	-208.255669896;-192.759592333;
6;-153.40971545446058;-189.16363789675248;	-213.518568944;-114.174652913;
6;-153.40971545446058;-189.16363789675248;	-121.678169622;-232.914422391;
6;-153.40971545446058;-189.16363789675248;	-91.0340224881;-154.938293432;
6;-153.40971545446058;-189.16363789675248;	-45.4056195005;-287.86561164;
6;-153.40971545446058;-189.16363789675248;	-70.424170143;-74.8763656811;
6;-153.40971545446058;-189.16363789675248;	-112.705676322;-158.112084397;
6;-153.40971545446058;-189.16363789675248;	-171.386599231;-232.486732286;
6;-153.40971545446058;-189.16363789675248;	-282.291059555;-198.99704745;
6;-153.40971545446058;-189.16363789675248;	-175.481249255;-291.560683592;
6;-153.40971545446058;-189.16363789675248;	-147.548154784;-98.4627916434;
6;-153.40971545446058;-189.16363789675248;	-212.276211787;-176.076876606;
6;-153.40971545446058;-189.16363789675248;	-270.896413232;-184.996350367;
6;-153.40971545446058;-189.16363789675248;	-279.840344917;-229.535192454;
6;-153.40971545446058;-189.16363789675248;	-156.32296397;-104.06315991;
6;-153.40971545446058;-189.16363789675248;	-293.177836129;-208.975049976;
6;-153.40971545446058;-189.16363789675248;	-176.848099711;-188.556228282;
6;-153.40971545446058;-189.16363789675248;	-120.798577772;-241.655015407;
6;-153.40971545446058;-189.16363789675248;	-232.610837026;-199.928873158;
6;-153.40971545446058;-189.16363789675248;	-12.8651716752;-112.569009344;
6;-153.40971545446058;-189.16363789675248;	-154.245607789;-289.287245596;
6;-153.40971545446058;-189.16363789675248;	-217.589226332;-206.406854067;
6;-153.40971545446058;-189.16363789675248;	-177.82305908;-180.762136924;
6;-153.40971545446058;-189.16363789675248;	-187.17599158;-99.5624579126;
6;-153.40971545446058;-189.16363789675248;	-237.295736458;-241.668895845;
6;-153.40971545446058;-189.16363789675248;	-179.992667517;-132.910530781;
6;-153.40971545446058;-189.16363789675248;	-27.0632097192;-214.743321002;
6;-153.40971545446058;-189.16363789675248;	-81.0283720534;-99.4294660638;
6;-153.40971545446058;-189.16363789675248;	-273.058124729;-217.170098384;
6;-153.40971545446058;-189.16363789675248;	-129.929186166;-172.830454246;
6;-153.40971545446058;-189.16363789675248;	-40.1878891242;-250.028741373;
6;-153.40971545446058;-189.16363789675248;	-28.1978859275;-184.024899929;
6;-153.40971545446058;-189.16363789675248;	-290.528247779;-174.099735494;
6;-153.40971545446058;-189.16363789675248;	-60.1214253863;-91.8657679991;
6;-153.40971545446058;-189.16363789675248;	-14.6607137973;-128.093089973;
6;-153.40971545446058;-189.16363789675248;	-217.606029341;-191.262009685;
6;-153.40971545446058;-189.16363789675248;	-51.2808272439;-109.318703245;
6;-153.40971545446058;-189.16363789675248;	-274.912799828;-259.523606856;
6;-153.40971545446058;-189.16363789675248;	-289.094304101;-253.817607014;
6;-153.40971545446058;-189.16363789675248;	-185.670427498;-278.705351898;
6;-153.40971545446058;-189.16363789675248;	-131.031641814;-211.157272378;
6;-153.40971545446058;-189.16363789675248;	-200.12549955;-211.693343883;
6;-153.40971545446058;-189.16363789675248;	-84.7744949637;-149.701355231;
6;-153.40971545446058;-189.16363789675248;	-237.785028623;-238.025657578;
6;-153.40971545446058;-189.16363789675248;	-168.140167696;-111.445373088;
6;-153.40971545446058;-189.16363789675248;	-95.7987780577;-231.649125709;
4;186.41044249502286;189.40082625403977;	86.1584468605;271.017330466;
4;186.41044249502286;189.40082625403977;	95.7059790245;288.281015629;
4;186.41044249502286;189.40082625403977;	283.729771708;163.391614878;
2;-93.2365060820847;192.14199493168675;	25.8989423865;108.798349147;
2;-93.2365060820847;192.14199493168675;	-49.1733157486;81.3267911165;
2;-93.2365060820847;192.14199493168675;	-227.15447288;173.825776884;
2;-93.2365060820847;192.14199493168675;	1.38300984488;255.228634203;
2;-93.2365060820847;192.14199493168675;	32.0481859621;188.45215857;
2;-93.2365060820847;192.14199493168675;	-159.213436036;188.727292903;
1;140.64235349017366;-209.196284481043;	269.20277633;-170.835647566;
1;140.64235349017366;-209.196284481043;	73.9568497671;-214.59852841;
1;140.64235349017366;-209.196284481043;	40.7782443216;-175.464630843;
1;140.64235349017366;-209.196284481043;	192.08973008;-263.229648649;
1;140.64235349017366;-209.196284481043;	24.9528105677;-271.796450095;
1;140.64235349017366;-209.196284481043;	227.752889852;-187.63340464;
1;140.64235349017366;-209.196284481043;	29.9041357476;-121.366867952;
1;140.64235349017366;-209.196284481043;	165.966179564;-282.118516449;
1;140.64235349017366;-209.196284481043;	115.509117016;-208.46710442;
1;140.64235349017366;-209.196284481043;	93.9487983903;-196.47140905;
1;140.64235349017366;-209.196284481043;	42.3486529343;-224.068341949;
1;140.64235349017366;-209.196284481043;	65.9946130761;-149.211968336;
2;-93.2365060820847;192.14199493168675;	-62.3016255322;251.512742933;
2;-93.2365060820847;192.14199493168675;	-230.042456477;268.609384553;
4;186.41044249502286;189.40082625403977;	145.021951365;155.949627856;
4;186.41044249502286;189.40082625403977;	193.906479097;126.796951187;
4;186.41044249502286;189.40082625403977;	278.50729224;173.040965718;
4;186.41044249502286;189.40082625403977;	266.803442069;110.848153759;
4;186.41044249502286;189.40082625403977;	257.193299498;264.998714148;
4;186.41044249502286;189.40082625403977;	188.538038529;121.954949242;
4;186.41044249502286;189.40082625403977;	257.741279009;118.179559007;
4;186.41044249502286;189.40082625403977;	57.5915416012;284.067950946;
3;131.33929271236096;-12.723573407976126;	289.941656939;35.9166902332;
3;131.33929271236096;-12.723573407976126;	130.106378397;-19.0777989106;
3;131.33929271236096;-12.723573407976126;	64.39418356;-75.9822785476;
3;131.33929271236096;-12.723573407976126;	152.062857884;-76.6722924227;
3;131.33929271236096;-12.723573407976126;	-12.7854795422;-9.98413078214;
3;131.33929271236096;-12.723573407976126;	162.616270903;36.990237179;
3;131.33929271236096;-12.723573407976126;	43.8622330145;-91.1272290644;
3;131.33929271236096;-12.723573407976126;	121.493928993;-79.6446146571;
3;131.33929271236096;-12.723573407976126;	110.806785084;94.3145475963;
3;131.33929271236096;-12.723573407976126;	13.3387291837;74.1463618964;
3;131.33929271236096;-12.723573407976126;	220.098540416;-59.4440533253;
3;131.33929271236096;-12.723573407976126;	299.398879943;12.5949812447;
3;131.33929271236096;-12.723573407976126;	267.174744182;25.7554580327;
3;131.33929271236096;-12.723573407976126;	123.048945177;65.1890327668;
3;131.33929271236096;-12.723573407976126;	99.867253793;7.57960654997;
3;131.33929271236096;-12.723573407976126;	224.094834656;-54.1598927887;
3;131.33929271236096;-12.723573407976126;	26.57639721;59.4787414793;
3;131.33929271236096;-12.723573407976126;	145.282872703;-43.9874811716;
3;131.33929271236096;-12.723573407976126;	25.0414243698;54.1867870022;
4;186.41044249502286;189.40082625403977;	292.365568463;273.779175875;
4;186.41044249502286;189.40082625403977;	281.121128901;149.24129606;
4;186.41044249502286;189.40082625403977;	93.9359010238;204.28591487;
4;186.41044249502286;189.40082625403977;	265.688339357;166.519890962;
4;186.41044249502286;189.40082625403977;	107.805867185;291.929472089;
4;186.41044249502286;189.40082625403977;	165.039392066;288.001327723;
1;140.64235349017366;-209.196284481043;	99.2277643756;-135.336047779;
1;140.64235349017366;-209.196284481043;	137.762418321;-226.973079475;
1;140.64235349017366;-209.196284481043;	101.794858169;-250.786547505;
1;140.64235349017366;-209.196284481043;	279.734174005;-253.775331919;
1;140.64235349017366;-209.196284481043;	48.6449643828;-166.684315932;
1;140.64235349017366;-209.196284481043;	62.7272686069;-243.960204795;
2;-93.2365060820847;192.14199493168675;	-195.094050254;161.319815317;
2;-93.2365060820847;192.14199493168675;	-290.797260493;244.799212104;
2;-93.2365060820847;192.14199493168675;	-134.671997119;279.128776072;
2;-93.2365060820847;192.14199493168675;	-98.8215679069;245.237152074;
2;-93.2365060820847;192.14199493168675;	-129.848421855;262.543904587;
2;-93.2365060820847;192.14199493168675;	-23.6889577511;94.3380181124;
2;-93.2365060820847;192.14199493168675;	-212.200164465;231.676981015;
2;-93.2365060820847;192.14199493168675;	-182.204042095;168.79903057;
4;186.41044249502286;189.40082625403977;	267.649263686;178.264441753;
4;186.41044249502286;189.40082625403977;	268.737633207;235.793368591;
1;140.64235349017366;-209.196284481043;	261.812233651;-238.984642909;
1;140.64235349017366;-209.196284481043;	105.128336823;-162.069277315;
1;140.64235349017366;-209.196284481043;	102.56883997;-280.675387226;
1;140.64235349017366;-209.196284481043;	175.314189878;-254.06134424;
1;140.64235349017366;-209.196284481043;	9.1685696277;-259.10549254;
1;140.64235349017366;-209.196284481043;	220.172363959;-164.088845933;
1;140.64235349017366;-209.196284481043;	89.1232095932;-160.861551354;
1;140.64235349017366;-209.196284481043;	108.769283792;-124.403405353;
1;140.64235349017366;-209.196284481043;	25.2200160731;-161.08478715;
1;140.64235349017366;-209.196284481043;	16.4749130507;-207.11732909;
