1;192.5797604811507;-171.58165865421165;	175.113700585;-158.168592343;
1;192.5797604811507;-171.58165865421165;	154.701543736;-226.323968036;
1;192.5797604811507;-171.58165865421165;	208.497997165;-56.1865133922;
2;182.0049178071791;163.11869280688254;	251.727795801;175.92328298;
2;182.0049178071791;163.11869280688254;	88.8514882287;127.917920794;
2;182.0049178071791;163.11869280688254;	192.584423375;49.0287268004;
2;182.0049178071791;163.11869280688254;	269.651969802;114.559242098;
2;182.0049178071791;163.11869280688254;	128.57242453;125.356773813;
2;182.0049178071791;163.11869280688254;	240.90286266;96.3029381505;
2;182.0049178071791;163.11869280688254;	299.331832867;287.30507963;
2;182.0049178071791;163.11869280688254;	157.042391499;276.477650907;
5;4.845053444600758;-203.17858651659847;	-13.318010976;-178.343317483;
5;4.845053444600758;-203.17858651659847;	-100.532146717;-194.214990271;
5;4.845053444600758;-203.17858651659847;	2.86611816107;-242.547552506;
5;4.845053444600758;-203.17858651659847;	-23.299009476;-197.365664837;
5;4.845053444600758;-203.17858651659847;	79.0882214624;-230.82601514;
5;4.845053444600758;-203.17858651659847;	14.8613379534;-222.728231977;
5;4.845053444600758;-203.17858651659847;	-95.4522901505;-262.232872346;
5;4.845053444600758;-203.17858651659847;	-14.9320377109;-136.268966962;
5;4.845053444600758;-203.17858651659847;	59.2103303922;-239.941244152;
1;192.5797604811507;-171.58165865421165;	143.285105861;-162.693905795;
1;192.5797604811507;-171.58165865421165;	117.671184956;-73.9990840897;
1;192.5797604811507;-171.58165865421165;	223.267546617;-262.546477588;
1;192.5797604811507;-171.58165865421165;	299.758965529;-51.8151273569;
1;192.5797604811507;-171.58165865421165;	202.517168615;-222.136030684;
2;182.0049178071791;163.11869280688254;	70.0398393233;201.635471462;
2;182.0049178071791;163.11869280688254;	162.430266955;67.0315109532;
2;182.0049178071791;163.11869280688254;	249.867603771;25.3016386541;
2;182.0049178071791;163.11869280688254;	112.41419936;260.555729423;
2;182.0049178071791;163.11869280688254;	259.658975923;242.135250973;
2;182.0049178071791;163.11869280688254;	212.692886895;245.149303219;
2;182.0049178071791;163.11869280688254;	296.805503059;87.7919675812;
4;-156.15341252184194;178.24313006623154;	-271.994166918;109.544034701;
4;-156.15341252184194;178.24313006623154;	-295.254313191;196.415363899;
4;-156.15341252184194;178.24313006623154;	-229.391694686;51.8247232845;
4;-156.15341252184194;178.24313006623154;	-37.9923692378;183.336350428;
4;-156.15341252184194;178.24313006623154;	-138.871933494;79.5804872134;
4;-156.15341252184194;178.24313006623154;	-59.847892232;127.708276616;
4;-156.15341252184194;178.24313006623154;	-55.8446635406;166.68809922;
4;-156.15341252184194;178.24313006623154;	-42.7906302995;147.837214197;
4;-156.15341252184194;178.24313006623154;	-273.201785092;195.433446289;
4;-156.15341252184194;178.24313006623154;	-228.932402653;115.481906873;
4;-156.15341252184194;178.24313006623154;	-214.782136546;268.722260143;
4;-156.15341252184194;178.24313006623154;	-240.568887292;140.915751039;
4;-156.15341252184194;178.24313006623154;	-270.241473946;268.965468277;
4;-156.15341252184194;178.24313006623154;	-96.3460742689;113.90126586;
4;-156.15341252184194;178.24313006623154;	-106.762323522;187.860706505;
4;-156.15341252184194;178.24313006623154;	-116.518367667;80.5176651089;
4;-156.15341252184194;178.24313006623154;	-183.023405382;215.830962095;
4;-156.15341252184194;178.24313006623154;	2.09618957846;242.182741276;
4;-156.15341252184194;178.24313006623154;	-30.2822434104;155.254945197;
4;-156.15341252184194;178.24313006623154;	-258.599471894;51.2249802524;
4;-156.15341252184194;178.24313006623154;	-104.219849084;203.624686903;
4;-156.15341252184194;178.24313006623154;	-33.7415324556;202.859004635;
4;-156.15341252184194;178.24313006623154;	-38.4090506672;163.356636188;
4;-156.15341252184194;178.24313006623154;	-84.553437703;238.050103344;
5;4.845053444600758;-203.17858651659847;	42.1808949657;-95.8568680875;
5;4.845053444600758;-203.17858651659847;	-57.8712295678;-243.237729273;
5;4.845053444600758;-203.17858651659847;	-28.0982875734;-291.925974027;
5;4.845053444600758;-203.17858651659847;	-103.780425855;-220.885362017;
5;4.845053444600758;-203.17858651659847;	35.2176042497;-181.311970701;
5;4.845053444600758;-203.17858651659847;	-11.144197997;-120.172791673;
1;192.5797604811507;-171.58165865421165;	263.761866236;-57.7027869654;
1;192.5797604811507;-171.58165865421165;	284.07241816;-264.274060466;
1;192.5797604811507;-171.58165865421165;	259.972248847;-230.2930794;
1;192.5797604811507;-171.58165865421165;	217.930479519;-42.7363948179;
2;182.0049178071791;163.11869280688254;	237.544000258;26.4897108691;
2;182.0049178071791;163.11869280688254;	122.287421053;251.009719608;
2;182.0049178071791;163.11869280688254;	276.244043526;130.847853543;
2;182.0049178071791;163.11869280688254;	296.939790303;282.812886048;
2;182.0049178071791;163.11869280688254;	96.7067940327;90.8254959622;
2;182.0049178071791;163.11869280688254;	182.688977546;101.858903955;
2;182.0049178071791;163.11869280688254;	46.8004013443;238.486428005;
2;182.0049178071791;163.11869280688254;	72.2922304194;212.631145813;
2;182.0049178071791;163.11869280688254;	178.231973669;168.010203317;
2;182.0049178071791;163.11869280688254;	64.7769635324;253.773157701;
2;182.0049178071791;163.11869280688254;	237.334744922;94.8396962368;
2;182.0049178071791;163.11869280688254;	282.090336934;83.4058483745;
1;192.5797604811507;-171.58165865421165;	280.509663626;-47.2850723097;
1;192.5797604811507;-171.58165865421165;	151.931382111;-142.070177673;
1;192.5797604811507;-171.58165865421165;	298.578937175;-256.537397414;
1;192.5797604811507;-171.58165865421165;	127.258305781;-49.7996642665;
1;192.5797604811507;-171.58165865421165;	207.980270506;-225.947117228;
1;192.5797604811507;-171.58165865421165;	269.352858182;-115.946269509;
1;192.5797604811507;-171.58165865421165;	273.529559974;-120.825425795;
5;4.845053444600758;-203.17858651659847;	97.9167879699;-246.21515184;
5;4.845053444600758;-203.17858651659847;	69.3392328225;-146.661265293;
5;4.845053444600758;-203.17858651659847;	-68.1301105845;-223.387220443;
3;-14.902778685753999;9.302943691763913;	-4.54166827625;-48.4594107055;
3;-14.902778685753999;9.302943691763913;	-37.0634699593;-19.2887724139;
3;-14.902778685753999;9.302943691763913;	123.10134735;-15.7814904722;
3;-14.902778685753999;9.302943691763913;	3.01612914183;128.728738261;
3;-14.902778685753999;9.302943691763913;	-65.4816107517;107.802087038;
3;-14.902778685753999;9.302943691763913;	20.345888193;116.875905404;
3;-14.902778685753999;9.302943691763913;	-142.672227819;-27.3597877467;
3;-14.902778685753999;9.302943691763913;	-50.8512862602;-81.5412235872;
3;-14.902778685753999;9.302943691763913;	85.7632370707;79.4620067574;
3;-14.902778685753999;9.302943691763913;	-16.1445080018;56.3770975897;
3;-14.902778685753999;9.302943691763913;	-44.8188646853;53.6532838096;
3;-14.902778685753999;9.302943691763913;	89.254930947;-7.34024203846;
3;-14.902778685753999;9.302943691763913;	75.3885449927;-45.2126572846;
3;-14.902778685753999;9.302943691763913;	-4.80494782731;-95.8936387363;
3;-14.902778685753999;9.302943691763913;	-73.7254266618;89.1671623229;
3;-14.902778685753999;9.302943691763913;	28.5477777852;-55.1466256426;
3;-14.902778685753999;9.302943691763913;	-35.2659543611;-67.1159238663;
3;-14.902778685753999;9.302943691763913;	-51.410011034;-26.3570045362;
3;-14.902778685753999;9.302943691763913;	-52.4130095046;68.1388992013;
3;-14.902778685753999;9.302943691763913;	-61.3046304331;39.2704494293;
3;-14.902778685753999;9.302943691763913;	57.860869127;-52.6563163012;
3;-14.902778685753999;9.302943691763913;	33.7164028799;134.097748593;
3;-14.902778685753999;9.302943691763913;	99.3235091047;4.52499921817;
3;-14.902778685753999;9.302943691763913;	31.0426525433;-56.4021761254;
3;-14.902778685753999;9.302943691763913;	-87.1927201793;-64.7485801885;
3;-14.902778685753999;9.302943691763913;	-6.28950939878;-26.4157406935;
3;-14.902778685753999;9.302943691763913;	-73.6232073216;-77.7996933688;
3;-14.902778685753999;9.302943691763913;	-146.86605865;32.4659830132;
3;-14.902778685753999;9.302943691763913;	87.7441718776;-39.2892674066;
3;-14.902778685753999;9.302943691763913;	-79.0129493926;82.0473751032;
2;182.0049178071791;163.11869280688254;	138.480421953;228.811199357;
2;182.0049178071791;163.11869280688254;	222.688119358;170.611404882;
2;182.0049178071791;163.11869280688254;	163.288046871;274.488695358;
2;182.0049178071791;163.11869280688254;	155.994060458;167.439543411;
2;182.0049178071791;163.11869280688254;	272.935334088;6.43270448316;
1;192.5797604811507;-171.58165865421165;	171.951555641;-197.616943818;
1;192.5797604811507;-171.58165865421165;	238.980195085;-179.80648997;
1;192.5797604811507;-171.58165865421165;	224.7985778;-69.1768846673;
1;192.5797604811507;-171.58165865421165;	273.948920861;-263.015530039;
1;192.5797604811507;-171.58165865421165;	121.923162278;-158.406671044;
5;4.845053444600758;-203.17858651659847;	71.1516017761;-110.668622699;
5;4.845053444600758;-203.17858651659847;	40.8257620373;-276.003889639;
5;4.845053444600758;-203.17858651659847;	87.3610687758;-160.586838554;
5;4.845053444600758;-203.17858651659847;	-37.769367137;-168.629150215;
5;4.845053444600758;-203.17858651659847;	-3.84319641375;-206.828513838;
5;4.845053444600758;-203.17858651659847;	-64.2150394315;-237.027225315;
5;4.845053444600758;-203.17858651659847;	2.58753144521;-277.46857208;
5;4.845053444600758;-203.17858651659847;	-88.7664110632;-187.910376088;
5;4.845053444600758;-203.17858651659847;	-30.543750669;-170.014449732;
5;4.845053444600758;-203.17858651659847;	-3.03631236993;-253.749393498;
1;192.5797604811507;-171.58165865421165;	170.643982024;-76.6243361789;
1;192.5797604811507;-171.58165865421165;	285.753661414;-255.216146166;
2;182.0049178071791;163.11869280688254;	239.149125867;273.305969555;
2;182.0049178071791;163.11869280688254;	92.1859219367;170.586777891;
2;182.0049178071791;163.11869280688254;	92.8287673526;222.36819422;
2;182.0049178071791;163.11869280688254;	120.113610457;150.313509918;
2;182.0049178071791;163.11869280688254;	137.425756458;250.016823618;
2;182.0049178071791;163.11869280688254;	153.8423509;112.630154193;
2;182.0049178071791;163.11869280688254;	106.642626481;124.671093452;
2;182.0049178071791;163.11869280688254;	179.704720549;96.6779363519;
2;182.0049178071791;163.11869280688254;	286.403249567;206.555692098;
4;-156.15341252184194;178.24313006623154;	-244.244201976;174.278615223;
4;-156.15341252184194;178.24313006623154;	-236.93168152;267.843807334;
4;-156.15341252184194;178.24313006623154;	-190.891432123;164.363673604;
4;-156.15341252184194;178.24313006623154;	-42.90008839;277.126337023;
4;-156.15341252184194;178.24313006623154;	-226.730789935;224.345530889;
4;-156.15341252184194;178.24313006623154;	-109.690752858;94.5649095895;
4;-156.15341252184194;178.24313006623154;	-122.322117649;101.811083152;
4;-156.15341252184194;178.24313006623154;	-53.1168482018;252.186561947;
4;-156.15341252184194;178.24313006623154;	-175.814968792;278.97131931;
4;-156.15341252184194;178.24313006623154;	-138.679386194;149.320672181;
4;-156.15341252184194;178.24313006623154;	-91.4636903279;235.018152672;
4;-156.15341252184194;178.24313006623154;	-254.502984804;57.4533747272;
4;-156.15341252184194;178.24313006623154;	-211.572815255;44.2703932176;
4;-156.15341252184194;178.24313006623154;	-10.3870850951;274.034495851;
4;-156.15341252184194;178.24313006623154;	11.5448182898;199.288093572;
4;-156.15341252184194;178.24313006623154;	-131.45870678;254.178354778;
4;-156.15341252184194;178.24313006623154;	-261.390179847;227.632014097;
4;-156.15341252184194;178.24313006623154;	-255.316829311;62.3918974929;
4;-156.15341252184194;178.24313006623154;	-115.641279584;180.828376355;
4;-156.15341252184194;178.24313006623154;	-170.744855616;247.878229293;
4;-156.15341252184194;178.24313006623154;	-243.613980962;221.537496373;
4;-156.15341252184194;178.24313006623154;	-78.2422781701;140.967417796;
4;-156.15341252184194;178.24313006623154;	-127.011378753;158.254372294;
4;-156.15341252184194;178.24313006623154;	-145.043971403;297.918426683;
4;-156.15341252184194;178.24313006623154;	-55.1554506615;291.711774133;
4;-156.15341252184194;178.24313006623154;	-58.7612036079;186.021912948;
1;192.5797604811507;-171.58165865421165;	234.41661227;-229.478688118;
1;192.5797604811507;-171.58165865421165;	239.40588484;-219.736402528;
1;192.5797604811507;-171.58165865421165;	278.592895779;-149.768555935;
1;192.5797604811507;-171.58165865421165;	127.429088069;-230.593297946;
1;192.5797604811507;-171.58165865421165;	192.066371996;-263.823280463;
1;192.5797604811507;-171.58165865421165;	262.679687369;-204.655542381;
5;4.845053444600758;-203.17858651659847;	-124.694634128;-289.655041945;
5;4.845053444600758;-203.17858651659847;	87.7961437599;-128.819986477;
5;4.845053444600758;-203.17858651659847;	-46.1762153498;-292.823456289;
5;4.845053444600758;-203.17858651659847;	-93.6813964091;-206.966642029;
2;182.0049178071791;163.11869280688254;	171.143637854;236.992087265;
2;182.0049178071791;163.11869280688254;	90.5698000469;146.17485218;
2;182.0049178071791;163.11869280688254;	204.321671366;48.7973836407;
2;182.0049178071791;163.11869280688254;	36.7820881107;151.282768365;
2;182.0049178071791;163.11869280688254;	164.973089125;104.268699345;
2;182.0049178071791;163.11869280688254;	299.450930382;48.4816346365;
2;182.0049178071791;163.11869280688254;	293.229663823;294.797125513;
2;182.0049178071791;163.11869280688254;	235.901565472;70.0624647969;
2;182.0049178071791;163.11869280688254;	241.624083194;-0.112307339381;
2;182.0049178071791;163.11869280688254;	172.689514353;193.565405105;
2;182.0049178071791;163.11869280688254;	215.614465459;280.359009831;
2;182.0049178071791;163.11869280688254;	235.924299985;32.4647468523;
1;192.5797604811507;-171.58165865421165;	128.410616669;-251.032447113;
1;192.5797604811507;-171.58165865421165;	102.113812538;-91.5763287562;
1;192.5797604811507;-171.58165865421165;	255.154431528;-238.39745222;
1;192.5797604811507;-171.58165865421165;	108.960133624;-78.2762428811;
1;192.5797604811507;-171.58165865421165;	149.256659835;-80.0367294613;
1;192.5797604811507;-171.58165865421165;	192.495349164;-283.385463926;
5;4.845053444600758;-203.17858651659847;	4.38568976417;-176.927246351;
5;4.845053444600758;-203.17858651659847;	7.41166466628;-261.833522596;
5;4.845053444600758;-203.17858651659847;	95.9908153516;-295.51792721;
5;4.845053444600758;-203.17858651659847;	52.114544046;-222.430819596;
0;-211.2395075055295;-155.82537776954382;	-131.031641814;-211.157272378;
0;-211.2395075055295;-155.82537776954382;	-213.518568944;-114.174652913;
0;-211.2395075055295;-155.82537776954382;	-129.929186166;-172.830454246;
0;-211.2395075055295;-155.82537776954382;	-251.31102969;-59.3683802162;
0;-211.2395075055295;-155.82537776954382;	-217.589226332;-206.406854067;
0;-211.2395075055295;-155.82537776954382;	-279.840344917;-229.535192454;
0;-211.2395075055295;-155.82537776954382;	-121.678169622;-232.914422391;
0;-211.2395075055295;-155.82537776954382;	-185.670427498;-278.705351898;
0;-211.2395075055295;-155.82537776954382;	-289.094304101;-253.817607014;
0;-211.2395075055295;-155.82537776954382;	-274.912799828;-259.523606856;
0;-211.2395075055295;-155.82537776954382;	-294.822907965;-18.0059797123;
0;-211.2395075055295;-155.82537776954382;	-262.12888517;-24.9650999992;
0;-211.2395075055295;-155.82537776954382;	-217.606029341;-191.262009685;
0;-211.2395075055295;-155.82537776954382;	-290.528247779;-174.099735494;
0;-211.2395075055295;-155.82537776954382;	-180.7821335;-63.1127238396;
0;-211.2395075055295;-155.82537776954382;	-273.058124729;-217.170098384;
0;-211.2395075055295;-155.82537776954382;	-179.992667517;-132.910530781;
0;-211.2395075055295;-155.82537776954382;	-237.295736458;-241.668895845;
0;-211.2395075055295;-155.82537776954382;	-187.17599158;-99.5624579126;
0;-211.2395075055295;-155.82537776954382;	-177.82305908;-180.762136924;
0;-211.2395075055295;-155.82537776954382;	-232.610837026;-199.928873158;
0;-211.2395075055295;-155.82537776954382;	-144.67017816;-68.8154692647;
0;-211.2395075055295;-155.82537776954382;	-120.798577772;-241.655015407;
0;-211.2395075055295;-155.82537776954382;	-176.848099711;-188.556228282;
0;-211.2395075055295;-155.82537776954382;	-293.177836129;-208.975049976;
0;-211.2395075055295;-155.82537776954382;	-235.347272079;15.3433874522;
0;-211.2395075055295;-155.82537776954382;	-242.249627053;-47.5184434866;
0;-211.2395075055295;-155.82537776954382;	-211.540635963;8.37461139618;
0;-211.2395075055295;-155.82537776954382;	-156.32296397;-104.06315991;
0;-211.2395075055295;-155.82537776954382;	-270.896413232;-184.996350367;
0;-211.2395075055295;-155.82537776954382;	-206.894431323;-78.3869743187;
0;-211.2395075055295;-155.82537776954382;	-212.276211787;-176.076876606;
0;-211.2395075055295;-155.82537776954382;	-147.548154784;-98.4627916434;
0;-211.2395075055295;-155.82537776954382;	-175.481249255;-291.560683592;
0;-211.2395075055295;-155.82537776954382;	-282.291059555;-198.99704745;
0;-211.2395075055295;-155.82537776954382;	-171.386599231;-232.486732286;
0;-211.2395075055295;-155.82537776954382;	-112.705676322;-158.112084397;
0;-211.2395075055295;-155.82537776954382;	-186.094544955;-18.6643642875;
0;-211.2395075055295;-155.82537776954382;	-191.624548664;-30.0695582744;
0;-211.2395075055295;-155.82537776954382;	-208.255669896;-192.759592333;
0;-211.2395075055295;-155.82537776954382;	-153.381886351;-132.724441165;
0;-211.2395075055295;-155.82537776954382;	-214.164888196;-95.0516893088;
0;-211.2395075055295;-155.82537776954382;	-137.212981399;-128.845446181;
0;-211.2395075055295;-155.82537776954382;	-288.793915919;-103.05766499;
0;-211.2395075055295;-155.82537776954382;	-154.245607789;-289.287245596;
0;-211.2395075055295;-155.82537776954382;	-287.785448697;-143.989244166;
0;-211.2395075055295;-155.82537776954382;	-168.140167696;-111.445373088;
0;-211.2395075055295;-155.82537776954382;	-237.785028623;-238.025657578;
0;-211.2395075055295;-155.82537776954382;	-200.12549955;-211.693343883;
0;-211.2395075055295;-155.82537776954382;	-235.618574807;-36.636246802;
0;-211.2395075055295;-155.82537776954382;	-253.669952465;-31.6783036051;
0;-211.2395075055295;-155.82537776954382;	-190.480409524;-132.863625114;
0;-211.2395075055295;-155.82537776954382;	-175.732602277;-263.344524634;
0;-211.2395075055295;-155.82537776954382;	-295.980627024;-30.0878281709;
0;-211.2395075055295;-155.82537776954382;	-227.383550471;-123.627931163;
0;-211.2395075055295;-155.82537776954382;	-285.391519363;-252.841163658;
0;-211.2395075055295;-155.82537776954382;	-183.288171938;-129.461357752;
0;-211.2395075055295;-155.82537776954382;	-162.940742221;-248.974779282;
0;-211.2395075055295;-155.82537776954382;	-249.764836957;-42.5362824285;
0;-211.2395075055295;-155.82537776954382;	-291.281772161;-145.449136527;
0;-211.2395075055295;-155.82537776954382;	-262.402130185;-21.8118057266;
0;-211.2395075055295;-155.82537776954382;	-138.305161429;-101.223697604;
0;-211.2395075055295;-155.82537776954382;	-177.175822991;-299.414878011;
0;-211.2395075055295;-155.82537776954382;	-224.962078149;-295.616414962;
0;-211.2395075055295;-155.82537776954382;	-203.885872951;-292.523471992;
0;-211.2395075055295;-155.82537776954382;	-127.054584693;-180.112074317;
0;-211.2395075055295;-155.82537776954382;	-209.682486319;-60.5242616029;
0;-211.2395075055295;-155.82537776954382;	-225.263191667;-215.536126513;
0;-211.2395075055295;-155.82537776954382;	-190.570343952;-65.0667145327;
0;-211.2395075055295;-155.82537776954382;	-201.608650777;-107.749061584;
0;-211.2395075055295;-155.82537776954382;	-257.132045857;-150.317423655;
0;-211.2395075055295;-155.82537776954382;	-246.582752953;-203.306221146;
0;-211.2395075055295;-155.82537776954382;	-195.943011203;-243.392931654;
0;-211.2395075055295;-155.82537776954382;	-252.878663388;13.8053796301;
0;-211.2395075055295;-155.82537776954382;	-268.681112561;-278.536971549;
0;-211.2395075055295;-155.82537776954382;	-134.22812381;-205.476547677;
0;-211.2395075055295;-155.82537776954382;	-277.70279544;-22.3416299332;
0;-211.2395075055295;-155.82537776954382;	-295.88735411;-279.249788274;
0;-211.2395075055295;-155.82537776954382;	-143.904993067;-241.303866524;
0;-211.2395075055295;-155.82537776954382;	-223.133697786;-273.182845832;
0;-211.2395075055295;-155.82537776954382;	-160.518127959;-168.179792317;
0;-211.2395075055295;-155.82537776954382;	-179.407920008;-91.6974733699;
0;-211.2395075055295;-155.82537776954382;	-206.378622656;-263.655307252;
0;-211.2395075055295;-155.82537776954382;	-209.823728682;-194.380702729;
0;-211.2395075055295;-155.82537776954382;	-174.266613051;-54.4204369909;
5;4.845053444600758;-203.17858651659847;	38.8873140462;-159.830638464;
5;4.845053444600758;-203.17858651659847;	-51.2808272439;-109.318703245;
3;-14.902778685753999;9.302943691763913;	36.4197653477;12.1518298937;
3;-14.902778685753999;9.302943691763913;	115.876461275;-10.9290093087;
3;-14.902778685753999;9.302943691763913;	68.2601467872;-72.3001112725;
3;-14.902778685753999;9.302943691763913;	-2.51069825151;-13.0718137865;
3;-14.902778685753999;9.302943691763913;	-13.6950826106;74.4665671612;
3;-14.902778685753999;9.302943691763913;	-60.1214253863;-91.8657679991;
1;192.5797604811507;-171.58165865421165;	153.628390251;-199.31605946;
1;192.5797604811507;-171.58165865421165;	199.868231842;-248.994320442;
1;192.5797604811507;-171.58165865421165;	100.921543218;-106.451845936;
1;192.5797604811507;-171.58165865421165;	284.227920893;-298.061815801;
1;192.5797604811507;-171.58165865421165;	117.259405981;-190.0613159;
1;192.5797604811507;-171.58165865421165;	243.173267767;-290.141915982;
1;192.5797604811507;-171.58165865421165;	139.253305457;-282.657078804;
1;192.5797604811507;-171.58165865421165;	118.864802352;-146.137504021;
1;192.5797604811507;-171.58165865421165;	287.038999381;-270.177912475;
1;192.5797604811507;-171.58165865421165;	227.837146796;-274.703142253;
3;-14.902778685753999;9.302943691763913;	-7.80308608015;40.5074997357;
3;-14.902778685753999;9.302943691763913;	-122.314904298;-48.7539342572;
3;-14.902778685753999;9.302943691763913;	-112.008643869;6.57213869161;
3;-14.902778685753999;9.302943691763913;	-5.64104259873;40.9968198264;
3;-14.902778685753999;9.302943691763913;	90.5075028712;-52.1666193363;
5;4.845053444600758;-203.17858651659847;	-14.6607137973;-128.093089973;
5;4.845053444600758;-203.17858651659847;	75.1022873687;-156.92905395;
5;4.845053444600758;-203.17858651659847;	39.6221046326;-141.265714105;
5;4.845053444600758;-203.17858651659847;	-40.1878891242;-250.028741373;
4;-156.15341252184194;178.24313006623154;	-135.574819613;196.015918155;
4;-156.15341252184194;178.24313006623154;	-58.8390382334;163.979464999;
4;-156.15341252184194;178.24313006623154;	-145.005759541;251.280248578;
4;-156.15341252184194;178.24313006623154;	-195.094050254;161.319815317;
4;-156.15341252184194;178.24313006623154;	-65.0285180229;145.143745216;
4;-156.15341252184194;178.24313006623154;	-212.200164465;231.676981015;
4;-156.15341252184194;178.24313006623154;	-71.0518957223;299.447619211;
4;-156.15341252184194;178.24313006623154;	-98.1664081528;140.380972515;
4;-156.15341252184194;178.24313006623154;	-125.013114348;192.659374726;
4;-156.15341252184194;178.24313006623154;	-145.423988582;294.424843258;
4;-156.15341252184194;178.24313006623154;	-291.230119415;267.162521822;
4;-156.15341252184194;178.24313006623154;	-263.97172237;129.307086917;
4;-156.15341252184194;178.24313006623154;	-176.377920469;147.300724615;
4;-156.15341252184194;178.24313006623154;	-165.968801185;289.904117451;
4;-156.15341252184194;178.24313006623154;	-231.069994923;133.200448516;
4;-156.15341252184194;178.24313006623154;	-69.927147476;204.490109123;
4;-156.15341252184194;178.24313006623154;	-217.747787715;142.71886044;
4;-156.15341252184194;178.24313006623154;	-240.110489545;144.470185473;
4;-156.15341252184194;178.24313006623154;	-125.572020787;252.209263386;
4;-156.15341252184194;178.24313006623154;	-211.33953542;144.572166099;
4;-156.15341252184194;178.24313006623154;	-21.7263105478;188.078665326;
5;4.845053444600758;-203.17858651659847;	65.9946130761;-149.211968336;
5;4.845053444600758;-203.17858651659847;	-84.7744949637;-149.701355231;
3;-14.902778685753999;9.302943691763913;	-107.680850859;8.87416393509;
3;-14.902778685753999;9.302943691763913;	-64.9723585088;-33.2328434066;
3;-14.902778685753999;9.302943691763913;	-30.1392275256;66.9727018402;
3;-14.902778685753999;9.302943691763913;	-36.2167625181;17.0668917228;
3;-14.902778685753999;9.302943691763913;	-81.0283720534;-99.4294660638;
3;-14.902778685753999;9.302943691763913;	-42.3692037779;112.657428242;
1;192.5797604811507;-171.58165865421165;	105.128336823;-162.069277315;
1;192.5797604811507;-171.58165865421165;	170.704300972;-128.605374021;
1;192.5797604811507;-171.58165865421165;	207.809015613;-115.486580244;
1;192.5797604811507;-171.58165865421165;	125.994297593;-146.882358886;
1;192.5797604811507;-171.58165865421165;	182.25210626;-241.390198136;
1;192.5797604811507;-171.58165865421165;	150.686882605;-129.849158914;
1;192.5797604811507;-171.58165865421165;	175.314189878;-254.06134424;
1;192.5797604811507;-171.58165865421165;	242.497061766;-198.246260979;
1;192.5797604811507;-171.58165865421165;	102.980145745;-91.7982796956;
1;192.5797604811507;-171.58165865421165;	191.390571284;-191.634818315;
5;4.845053444600758;-203.17858651659847;	-95.7987780577;-231.649125709;
5;4.845053444600758;-203.17858651659847;	-27.0632097192;-214.743321002;
3;-14.902778685753999;9.302943691763913;	-136.878963665;14.1806424651;
3;-14.902778685753999;9.302943691763913;	99.3707901222;64.551396817;
3;-14.902778685753999;9.302943691763913;	8.25997042692;-36.0180808404;
3;-14.902778685753999;9.302943691763913;	-101.347020015;-15.7091111506;
3;-14.902778685753999;9.302943691763913;	-27.7854399688;120.613196032;
3;-14.902778685753999;9.302943691763913;	-91.1816449973;53.9408671537;
3;-14.902778685753999;9.302943691763913;	-32.8839437928;77.8359799926;
2;182.0049178071791;163.11869280688254;	57.5915416012;284.067950946;
2;182.0049178071791;163.11869280688254;	107.805867185;291.929472089;
2;182.0049178071791;163.11869280688254;	31.1924019006;208.430810221;
2;182.0049178071791;163.11869280688254;	278.50729224;173.040965718;
2;182.0049178071791;163.11869280688254;	193.906479097;126.796951187;
2;182.0049178071791;163.11869280688254;	145.021951365;155.949627856;
2;182.0049178071791;163.11869280688254;	257.741279009;118.179559007;
2;182.0049178071791;163.11869280688254;	123.048945177;65.1890327668;
2;182.0049178071791;163.11869280688254;	267.174744182;25.7554580327;
2;182.0049178071791;163.11869280688254;	299.398879943;12.5949812447;
2;182.0049178071791;163.11869280688254;	188.538038529;121.954949242;
2;182.0049178071791;163.11869280688254;	265.688339357;166.519890962;
2;182.0049178071791;163.11869280688254;	292.365568463;273.779175875;
2;182.0049178071791;163.11869280688254;	281.121128901;149.24129606;
2;182.0049178071791;163.11869280688254;	267.649263686;178.264441753;
2;182.0049178071791;163.11869280688254;	268.737633207;235.793368591;
2;182.0049178071791;163.11869280688254;	110.806785084;94.3145475963;
2;182.0049178071791;163.11869280688254;	165.039392066;288.001327723;
2;182.0049178071791;163.11869280688254;	93.9359010238;204.28591487;
2;182.0049178071791;163.11869280688254;	86.1584468605;271.017330466;
2;182.0049178071791;163.11869280688254;	266.803442069;110.848153759;
2;182.0049178071791;163.11869280688254;	95.7059790245;288.281015629;
2;182.0049178071791;163.11869280688254;	283.729771708;163.391614878;
2;182.0049178071791;163.11869280688254;	257.193299498;264.998714148;
2;182.0049178071791;163.11869280688254;	32.0481859621;188.45215857;
2;182.0049178071791;163.11869280688254;	289.941656939;35.9166902332;
2;182.0049178071791;163.11869280688254;	200.488324233;148.380492548;
2;182.0049178071791;163.11869280688254;	208.265114867;215.704008423;
2;182.0049178071791;163.11869280688254;	180.136336225;65.1240498024;
2;182.0049178071791;163.11869280688254;	181.656739518;170.212783525;
2;182.0049178071791;163.11869280688254;	191.276837541;262.173471249;
2;182.0049178071791;163.11869280688254;	279.475641201;38.5025404969;
2;182.0049178071791;163.11869280688254;	283.986726837;297.373537098;
2;182.0049178071791;163.11869280688254;	208.089527124;99.3838984905;
2;182.0049178071791;163.11869280688254;	24.5913050787;194.825793777;
2;182.0049178071791;163.11869280688254;	177.381315321;195.269742882;
2;182.0049178071791;163.11869280688254;	131.457917566;89.6235226124;
2;182.0049178071791;163.11869280688254;	80.9930346735;291.997887572;
2;182.0049178071791;163.11869280688254;	190.066070023;63.6858939075;
2;182.0049178071791;163.11869280688254;	51.7497280537;252.437921153;
2;182.0049178071791;163.11869280688254;	67.7529289223;267.851068061;
2;182.0049178071791;163.11869280688254;	28.5386034307;266.571543622;
2;182.0049178071791;163.11869280688254;	233.795704999;104.133990224;
2;182.0049178071791;163.11869280688254;	281.34271692;130.171396172;
2;182.0049178071791;163.11869280688254;	121.008591226;52.2999277276;
2;182.0049178071791;163.11869280688254;	176.845207926;101.275183956;
2;182.0049178071791;163.11869280688254;	279.349295235;116.04906752;
2;182.0049178071791;163.11869280688254;	152.853128239;166.416861171;
2;182.0049178071791;163.11869280688254;	266.218963825;180.743513071;
2;182.0049178071791;163.11869280688254;	176.228684267;104.836729833;
2;182.0049178071791;163.11869280688254;	237.915914128;119.930026765;
2;182.0049178071791;163.11869280688254;	56.9981131984;272.645854161;
2;182.0049178071791;163.11869280688254;	101.853476295;254.725448677;
2;182.0049178071791;163.11869280688254;	207.344419615;104.154040618;
2;182.0049178071791;163.11869280688254;	158.427002745;104.046120111;
2;182.0049178071791;163.11869280688254;	104.56604152;299.017151078;
2;182.0049178071791;163.11869280688254;	162.616270903;36.990237179;
1;192.5797604811507;-171.58165865421165;	227.752889852;-187.63340464;
1;192.5797604811507;-171.58165865421165;	120.285572933;-253.352888354;
1;192.5797604811507;-171.58165865421165;	165.966179564;-282.118516449;
1;192.5797604811507;-171.58165865421165;	224.094834656;-54.1598927887;
1;192.5797604811507;-171.58165865421165;	220.098540416;-59.4440533253;
1;192.5797604811507;-171.58165865421165;	145.282872703;-43.9874811716;
5;4.845053444600758;-203.17858651659847;	24.9528105677;-271.796450095;
5;4.845053444600758;-203.17858651659847;	73.9568497671;-214.59852841;
5;4.845053444600758;-203.17858651659847;	-12.8651716752;-112.569009344;
5;4.845053444600758;-203.17858651659847;	-91.0340224881;-154.938293432;
5;4.845053444600758;-203.17858651659847;	29.9041357476;-121.366867952;
3;-14.902778685753999;9.302943691763913;	-95.9046021365;-27.2808236026;
3;-14.902778685753999;9.302943691763913;	99.867253793;7.57960654997;
3;-14.902778685753999;9.302943691763913;	-96.4965843617;0.126663068834;
3;-14.902778685753999;9.302943691763913;	-49.1733157486;81.3267911165;
3;-14.902778685753999;9.302943691763913;	25.8989423865;108.798349147;
1;192.5797604811507;-171.58165865421165;	192.08973008;-263.229648649;
1;192.5797604811507;-171.58165865421165;	200.947135243;-11.2677084802;
1;192.5797604811507;-171.58165865421165;	261.812233651;-238.984642909;
1;192.5797604811507;-171.58165865421165;	120.874158833;-122.775969522;
5;4.845053444600758;-203.17858651659847;	-90.0266011337;-217.159763503;
5;4.845053444600758;-203.17858651659847;	89.1232095932;-160.861551354;
5;4.845053444600758;-203.17858651659847;	40.7782443216;-175.464630843;
5;4.845053444600758;-203.17858651659847;	25.2200160731;-161.08478715;
5;4.845053444600758;-203.17858651659847;	78.8290106292;-230.430713789;
5;4.845053444600758;-203.17858651659847;	-45.4056195005;-287.86561164;
5;4.845053444600758;-203.17858651659847;	42.3486529343;-224.068341949;
4;-156.15341252184194;178.24313006623154;	-290.797260493;244.799212104;
4;-156.15341252184194;178.24313006623154;	-249.314326907;25.2732171724;
4;-156.15341252184194;178.24313006623154;	-129.243019634;69.0352911245;
4;-156.15341252184194;178.24313006623154;	-129.848421855;262.543904587;
4;-156.15341252184194;178.24313006623154;	-282.167871391;85.8800988237;
4;-156.15341252184194;178.24313006623154;	-286.240535095;198.397747246;
4;-156.15341252184194;178.24313006623154;	-250.906510009;46.5781273135;
4;-156.15341252184194;178.24313006623154;	-227.15447288;173.825776884;
4;-156.15341252184194;178.24313006623154;	1.38300984488;255.228634203;
4;-156.15341252184194;178.24313006623154;	-159.213436036;188.727292903;
4;-156.15341252184194;178.24313006623154;	-287.487936316;101.780156331;
4;-156.15341252184194;178.24313006623154;	-98.8215679069;245.237152074;
4;-156.15341252184194;178.24313006623154;	-230.042456477;268.609384553;
4;-156.15341252184194;178.24313006623154;	-62.3016255322;251.512742933;
4;-156.15341252184194;178.24313006623154;	-211.780003734;75.9839665577;
4;-156.15341252184194;178.24313006623154;	-250.457443368;118.174223709;
4;-156.15341252184194;178.24313006623154;	-120.331138004;100.754098697;
4;-156.15341252184194;178.24313006623154;	-151.303825422;52.318165043;
4;-156.15341252184194;178.24313006623154;	-216.611409663;94.7234629551;
4;-156.15341252184194;178.24313006623154;	-182.204042095;168.79903057;
4;-156.15341252184194;178.24313006623154;	-134.671997119;279.128776072;
5;4.845053444600758;-203.17858651659847;	102.56883997;-280.675387226;
5;4.845053444600758;-203.17858651659847;	16.4749130507;-207.11732909;
5;4.845053444600758;-203.17858651659847;	-28.1978859275;-184.024899929;
5;4.845053444600758;-203.17858651659847;	9.1685696277;-259.10549254;
3;-14.902778685753999;9.302943691763913;	26.57639721;59.4787414793;
3;-14.902778685753999;9.302943691763913;	-23.6889577511;94.3380181124;
3;-14.902778685753999;9.302943691763913;	-70.424170143;-74.8763656811;
3;-14.902778685753999;9.302943691763913;	64.39418356;-75.9822785476;
3;-14.902778685753999;9.302943691763913;	43.8622330145;-91.1272290644;
1;192.5797604811507;-171.58165865421165;	220.172363959;-164.088845933;
1;192.5797604811507;-171.58165865421165;	279.734174005;-253.775331919;
1;192.5797604811507;-171.58165865421165;	108.769283792;-124.403405353;
1;192.5797604811507;-171.58165865421165;	137.762418321;-226.973079475;
1;192.5797604811507;-171.58165865421165;	99.2277643756;-135.336047779;
1;192.5797604811507;-171.58165865421165;	115.509117016;-208.46710442;
1;192.5797604811507;-171.58165865421165;	152.062857884;-76.6722924227;
1;192.5797604811507;-171.58165865421165;	269.20277633;-170.835647566;
1;192.5797604811507;-171.58165865421165;	121.493928993;-79.6446146571;
5;4.845053444600758;-203.17858651659847;	101.794858169;-250.786547505;
5;4.845053444600758;-203.17858651659847;	93.9487983903;-196.47140905;
5;4.845053444600758;-203.17858651659847;	62.7272686069;-243.960204795;
5;4.845053444600758;-203.17858651659847;	48.6449643828;-166.684315932;
3;-14.902778685753999;9.302943691763913;	-45.5645858586;22.5053975401;
3;-14.902778685753999;9.302943691763913;	25.0414243698;54.1867870022;
3;-14.902778685753999;9.302943691763913;	-121.981720925;23.333418385;
3;-14.902778685753999;9.302943691763913;	-12.7854795422;-9.98413078214;
3;-14.902778685753999;9.302943691763913;	13.3387291837;74.1463618964;
3;-14.902778685753999;9.302943691763913;	130.106378397;-19.0777989106;
