0;3.6085788903994183;-9.748202607214338;	-235.618574807;-36.636246802;
0;3.6085788903994183;-9.748202607214338;	-14.6607137973;-128.093089973;
0;3.6085788903994183;-9.748202607214338;	150.686882605;-129.849158914;
0;3.6085788903994183;-9.748202607214338;	-213.518568944;-114.174652913;
0;3.6085788903994183;-9.748202607214338;	-64.9723585088;-33.2328434066;
0;3.6085788903994183;-9.748202607214338;	120.874158833;-122.775969522;
0;3.6085788903994183;-9.748202607214338;	78.8290106292;-230.430713789;
0;3.6085788903994183;-9.748202607214338;	-28.1978859275;-184.024899929;
0;3.6085788903994183;-9.748202607214338;	-129.929186166;-172.830454246;
0;3.6085788903994183;-9.748202607214338;	-263.97172237;129.307086917;
0;3.6085788903994183;-9.748202607214338;	-251.31102969;-59.3683802162;
0;3.6085788903994183;-9.748202607214338;	-81.0283720534;-99.4294660638;
0;3.6085788903994183;-9.748202607214338;	-217.589226332;-206.406854067;
0;3.6085788903994183;-9.748202607214338;	65.9946130761;-149.211968336;
0;3.6085788903994183;-9.748202607214338;	-62.3016255322;251.512742933;
0;3.6085788903994183;-9.748202607214338;	-279.840344917;-229.535192454;
0;3.6085788903994183;-9.748202607214338;	-250.457443368;118.174223709;
0;3.6085788903994183;-9.748202607214338;	289.941656939;35.9166902332;
0;3.6085788903994183;-9.748202607214338;	-120.331138004;100.754098697;
0;3.6085788903994183;-9.748202607214338;	25.2200160731;-161.08478715;
0;3.6085788903994183;-9.748202607214338;	13.3387291837;74.1463618964;
0;3.6085788903994183;-9.748202607214338;	9.1685696277;-259.10549254;
0;3.6085788903994183;-9.748202607214338;	25.0414243698;54.1867870022;
0;3.6085788903994183;-9.748202607214338;	-96.4965843617;0.126663068834;
0;3.6085788903994183;-9.748202607214338;	192.08973008;-263.229648649;
0;3.6085788903994183;-9.748202607214338;	-121.678169622;-232.914422391;
0;3.6085788903994183;-9.748202607214338;	224.094834656;-54.1598927887;
0;3.6085788903994183;-9.748202607214338;	188.538038529;121.954949242;
0;3.6085788903994183;-9.748202607214338;	-23.6889577511;94.3380181124;
0;3.6085788903994183;-9.748202607214338;	31.1924019006;208.430810221;
0;3.6085788903994183;-9.748202607214338;	-145.423988582;294.424843258;
0;3.6085788903994183;-9.748202607214338;	158.427002745;104.046120111;
0;3.6085788903994183;-9.748202607214338;	266.218963825;180.743513071;
0;3.6085788903994183;-9.748202607214338;	-42.3692037779;112.657428242;
0;3.6085788903994183;-9.748202607214338;	-2.51069825151;-13.0718137865;
0;3.6085788903994183;-9.748202607214338;	39.6221046326;-141.265714105;
0;3.6085788903994183;-9.748202607214338;	-7.80308608015;40.5074997357;
0;3.6085788903994183;-9.748202607214338;	-185.670427498;-278.705351898;
0;3.6085788903994183;-9.748202607214338;	-69.927147476;204.490109123;
0;3.6085788903994183;-9.748202607214338;	152.853128239;166.416861171;
0;3.6085788903994183;-9.748202607214338;	284.227920893;-298.061815801;
0;3.6085788903994183;-9.748202607214338;	-289.094304101;-253.817607014;
0;3.6085788903994183;-9.748202607214338;	279.349295235;116.04906752;
0;3.6085788903994183;-9.748202607214338;	176.845207926;101.275183956;
0;3.6085788903994183;-9.748202607214338;	121.008591226;52.2999277276;
0;3.6085788903994183;-9.748202607214338;	281.34271692;130.171396172;
0;3.6085788903994183;-9.748202607214338;	100.921543218;-106.451845936;
0;3.6085788903994183;-9.748202607214338;	-274.912799828;-259.523606856;
0;3.6085788903994183;-9.748202607214338;	233.795704999;104.133990224;
0;3.6085788903994183;-9.748202607214338;	28.5386034307;266.571543622;
0;3.6085788903994183;-9.748202607214338;	-294.822907965;-18.0059797123;
0;3.6085788903994183;-9.748202607214338;	-122.314904298;-48.7539342572;
0;3.6085788903994183;-9.748202607214338;	-262.12888517;-24.9650999992;
0;3.6085788903994183;-9.748202607214338;	75.1022873687;-156.92905395;
0;3.6085788903994183;-9.748202607214338;	227.837146796;-274.703142253;
0;3.6085788903994183;-9.748202607214338;	-217.747787715;142.71886044;
0;3.6085788903994183;-9.748202607214338;	-51.2808272439;-109.318703245;
0;3.6085788903994183;-9.748202607214338;	-217.606029341;-191.262009685;
0;3.6085788903994183;-9.748202607214338;	-13.6950826106;74.4665671612;
0;3.6085788903994183;-9.748202607214338;	118.864802352;-146.137504021;
0;3.6085788903994183;-9.748202607214338;	67.7529289223;267.851068061;
0;3.6085788903994183;-9.748202607214338;	51.7497280537;252.437921153;
0;3.6085788903994183;-9.748202607214338;	190.066070023;63.6858939075;
0;3.6085788903994183;-9.748202607214338;	38.8873140462;-159.830638464;
0;3.6085788903994183;-9.748202607214338;	-5.64104259873;40.9968198264;
0;3.6085788903994183;-9.748202607214338;	-240.110489545;144.470185473;
0;3.6085788903994183;-9.748202607214338;	90.5075028712;-52.1666193363;
0;3.6085788903994183;-9.748202607214338;	-112.008643869;6.57213869161;
0;3.6085788903994183;-9.748202607214338;	80.9930346735;291.997887572;
0;3.6085788903994183;-9.748202607214338;	131.457917566;89.6235226124;
0;3.6085788903994183;-9.748202607214338;	199.868231842;-248.994320442;
0;3.6085788903994183;-9.748202607214338;	287.038999381;-270.177912475;
0;3.6085788903994183;-9.748202607214338;	177.381315321;195.269742882;
0;3.6085788903994183;-9.748202607214338;	24.5913050787;194.825793777;
0;3.6085788903994183;-9.748202607214338;	-125.572020787;252.209263386;
0;3.6085788903994183;-9.748202607214338;	-60.1214253863;-91.8657679991;
0;3.6085788903994183;-9.748202607214338;	-290.528247779;-174.099735494;
0;3.6085788903994183;-9.748202607214338;	-180.7821335;-63.1127238396;
0;3.6085788903994183;-9.748202607214338;	139.253305457;-282.657078804;
0;3.6085788903994183;-9.748202607214338;	-211.33953542;144.572166099;
0;3.6085788903994183;-9.748202607214338;	36.4197653477;12.1518298937;
0;3.6085788903994183;-9.748202607214338;	243.173267767;-290.141915982;
0;3.6085788903994183;-9.748202607214338;	-40.1878891242;-250.028741373;
0;3.6085788903994183;-9.748202607214338;	-165.968801185;289.904117451;
0;3.6085788903994183;-9.748202607214338;	8.25997042692;-36.0180808404;
0;3.6085788903994183;-9.748202607214338;	-273.058124729;-217.170098384;
0;3.6085788903994183;-9.748202607214338;	-58.8390382334;163.979464999;
0;3.6085788903994183;-9.748202607214338;	208.089527124;99.3838984905;
0;3.6085788903994183;-9.748202607214338;	-30.1392275256;66.9727018402;
0;3.6085788903994183;-9.748202607214338;	-107.680850859;8.87416393509;
0;3.6085788903994183;-9.748202607214338;	-145.005759541;251.280248578;
0;3.6085788903994183;-9.748202607214338;	283.986726837;297.373537098;
0;3.6085788903994183;-9.748202607214338;	-36.2167625181;17.0668917228;
0;3.6085788903994183;-9.748202607214338;	279.475641201;38.5025404969;
0;3.6085788903994183;-9.748202607214338;	-27.7854399688;120.613196032;
0;3.6085788903994183;-9.748202607214338;	-65.0285180229;145.143745216;
0;3.6085788903994183;-9.748202607214338;	191.276837541;262.173471249;
0;3.6085788903994183;-9.748202607214338;	181.656739518;170.212783525;
0;3.6085788903994183;-9.748202607214338;	180.136336225;65.1240498024;
0;3.6085788903994183;-9.748202607214338;	182.25210626;-241.390198136;
0;3.6085788903994183;-9.748202607214338;	-91.1816449973;53.9408671537;
0;3.6085788903994183;-9.748202607214338;	-136.878963665;14.1806424651;
0;3.6085788903994183;-9.748202607214338;	-98.1664081528;140.380972515;
0;3.6085788903994183;-9.748202607214338;	99.3707901222;64.551396817;
0;3.6085788903994183;-9.748202607214338;	-101.347020015;-15.7091111506;
0;3.6085788903994183;-9.748202607214338;	-27.0632097192;-214.743321002;
0;3.6085788903994183;-9.748202607214338;	207.809015613;-115.486580244;
0;3.6085788903994183;-9.748202607214338;	-179.992667517;-132.910530781;
0;3.6085788903994183;-9.748202607214338;	200.947135243;-11.2677084802;
0;3.6085788903994183;-9.748202607214338;	208.265114867;215.704008423;
0;3.6085788903994183;-9.748202607214338;	-237.295736458;-241.668895845;
0;3.6085788903994183;-9.748202607214338;	-211.780003734;75.9839665577;
0;3.6085788903994183;-9.748202607214338;	200.488324233;148.380492548;
0;3.6085788903994183;-9.748202607214338;	-187.17599158;-99.5624579126;
0;3.6085788903994183;-9.748202607214338;	42.3486529343;-224.068341949;
0;3.6085788903994183;-9.748202607214338;	-177.82305908;-180.762136924;
0;3.6085788903994183;-9.748202607214338;	120.285572933;-253.352888354;
0;3.6085788903994183;-9.748202607214338;	-12.8651716752;-112.569009344;
0;3.6085788903994183;-9.748202607214338;	32.0481859621;188.45215857;
0;3.6085788903994183;-9.748202607214338;	165.966179564;-282.118516449;
0;3.6085788903994183;-9.748202607214338;	-232.610837026;-199.928873158;
0;3.6085788903994183;-9.748202607214338;	-144.67017816;-68.8154692647;
0;3.6085788903994183;-9.748202607214338;	145.282872703;-43.9874811716;
0;3.6085788903994183;-9.748202607214338;	29.9041357476;-121.366867952;
0;3.6085788903994183;-9.748202607214338;	227.752889852;-187.63340464;
0;3.6085788903994183;-9.748202607214338;	257.193299498;264.998714148;
0;3.6085788903994183;-9.748202607214338;	-120.798577772;-241.655015407;
0;3.6085788903994183;-9.748202607214338;	24.9528105677;-271.796450095;
0;3.6085788903994183;-9.748202607214338;	-176.848099711;-188.556228282;
0;3.6085788903994183;-9.748202607214338;	-293.177836129;-208.975049976;
0;3.6085788903994183;-9.748202607214338;	-95.9046021365;-27.2808236026;
0;3.6085788903994183;-9.748202607214338;	283.729771708;163.391614878;
0;3.6085788903994183;-9.748202607214338;	-235.347272079;15.3433874522;
0;3.6085788903994183;-9.748202607214338;	25.8989423865;108.798349147;
0;3.6085788903994183;-9.748202607214338;	95.7059790245;288.281015629;
0;3.6085788903994183;-9.748202607214338;	-49.1733157486;81.3267911165;
0;3.6085788903994183;-9.748202607214338;	-242.249627053;-47.5184434866;
0;3.6085788903994183;-9.748202607214338;	266.803442069;110.848153759;
0;3.6085788903994183;-9.748202607214338;	-216.611409663;94.7234629551;
0;3.6085788903994183;-9.748202607214338;	-211.540635963;8.37461139618;
0;3.6085788903994183;-9.748202607214338;	-156.32296397;-104.06315991;
0;3.6085788903994183;-9.748202607214338;	40.7782443216;-175.464630843;
0;3.6085788903994183;-9.748202607214338;	86.1584468605;271.017330466;
0;3.6085788903994183;-9.748202607214338;	-182.204042095;168.79903057;
0;3.6085788903994183;-9.748202607214338;	102.56883997;-280.675387226;
0;3.6085788903994183;-9.748202607214338;	-290.797260493;244.799212104;
0;3.6085788903994183;-9.748202607214338;	93.9359010238;204.28591487;
0;3.6085788903994183;-9.748202607214338;	130.106378397;-19.0777989106;
0;3.6085788903994183;-9.748202607214338;	-249.314326907;25.2732171724;
0;3.6085788903994183;-9.748202607214338;	279.734174005;-253.775331919;
0;3.6085788903994183;-9.748202607214338;	48.6449643828;-166.684315932;
0;3.6085788903994183;-9.748202607214338;	-270.896413232;-184.996350367;
0;3.6085788903994183;-9.748202607214338;	-129.848421855;262.543904587;
0;3.6085788903994183;-9.748202607214338;	-282.167871391;85.8800988237;
0;3.6085788903994183;-9.748202607214338;	152.062857884;-76.6722924227;
0;3.6085788903994183;-9.748202607214338;	165.039392066;288.001327723;
0;3.6085788903994183;-9.748202607214338;	-12.7854795422;-9.98413078214;
0;3.6085788903994183;-9.748202607214338;	-206.894431323;-78.3869743187;
0;3.6085788903994183;-9.748202607214338;	-286.240535095;198.397747246;
0;3.6085788903994183;-9.748202607214338;	-212.276211787;-176.076876606;
0;3.6085788903994183;-9.748202607214338;	-147.548154784;-98.4627916434;
0;3.6085788903994183;-9.748202607214338;	-175.481249255;-291.560683592;
0;3.6085788903994183;-9.748202607214338;	-282.291059555;-198.99704745;
0;3.6085788903994183;-9.748202607214338;	62.7272686069;-243.960204795;
0;3.6085788903994183;-9.748202607214338;	-171.386599231;-232.486732286;
0;3.6085788903994183;-9.748202607214338;	-250.906510009;46.5781273135;
0;3.6085788903994183;-9.748202607214338;	99.2277643756;-135.336047779;
0;3.6085788903994183;-9.748202607214338;	137.762418321;-226.973079475;
0;3.6085788903994183;-9.748202607214338;	108.769283792;-124.403405353;
0;3.6085788903994183;-9.748202607214338;	-45.5645858586;22.5053975401;
0;3.6085788903994183;-9.748202607214338;	-287.487936316;101.780156331;
0;3.6085788903994183;-9.748202607214338;	-112.705676322;-158.112084397;
0;3.6085788903994183;-9.748202607214338;	43.8622330145;-91.1272290644;
0;3.6085788903994183;-9.748202607214338;	-70.424170143;-74.8763656811;
0;3.6085788903994183;-9.748202607214338;	121.493928993;-79.6446146571;
0;3.6085788903994183;-9.748202607214338;	-134.671997119;279.128776072;
0;3.6085788903994183;-9.748202607214338;	110.806785084;94.3145475963;
0;3.6085788903994183;-9.748202607214338;	16.4749130507;-207.11732909;
0;3.6085788903994183;-9.748202607214338;	268.737633207;235.793368591;
0;3.6085788903994183;-9.748202607214338;	89.1232095932;-160.861551354;
0;3.6085788903994183;-9.748202607214338;	261.812233651;-238.984642909;
0;3.6085788903994183;-9.748202607214338;	267.649263686;178.264441753;
0;3.6085788903994183;-9.748202607214338;	-45.4056195005;-287.86561164;
0;3.6085788903994183;-9.748202607214338;	281.121128901;149.24129606;
0;3.6085788903994183;-9.748202607214338;	-186.094544955;-18.6643642875;
0;3.6085788903994183;-9.748202607214338;	292.365568463;273.779175875;
0;3.6085788903994183;-9.748202607214338;	265.688339357;166.519890962;
0;3.6085788903994183;-9.748202607214338;	220.098540416;-59.4440533253;
0;3.6085788903994183;-9.748202607214338;	299.398879943;12.5949812447;
0;3.6085788903994183;-9.748202607214338;	267.174744182;25.7554580327;
0;3.6085788903994183;-9.748202607214338;	-91.0340224881;-154.938293432;
0;3.6085788903994183;-9.748202607214338;	123.048945177;65.1890327668;
0;3.6085788903994183;-9.748202607214338;	73.9568497671;-214.59852841;
0;3.6085788903994183;-9.748202607214338;	257.741279009;118.179559007;
0;3.6085788903994183;-9.748202607214338;	145.021951365;155.949627856;
0;3.6085788903994183;-9.748202607214338;	193.906479097;126.796951187;
0;3.6085788903994183;-9.748202607214338;	99.867253793;7.57960654997;
0;3.6085788903994183;-9.748202607214338;	278.50729224;173.040965718;
0;3.6085788903994183;-9.748202607214338;	26.57639721;59.4787414793;
0;3.6085788903994183;-9.748202607214338;	269.20277633;-170.835647566;
0;3.6085788903994183;-9.748202607214338;	-191.624548664;-30.0695582744;
0;3.6085788903994183;-9.748202607214338;	-121.981720925;23.333418385;
0;3.6085788903994183;-9.748202607214338;	93.9487983903;-196.47140905;
0;3.6085788903994183;-9.748202607214338;	115.509117016;-208.46710442;
0;3.6085788903994183;-9.748202607214338;	-227.15447288;173.825776884;
0;3.6085788903994183;-9.748202607214338;	-208.255669896;-192.759592333;
0;3.6085788903994183;-9.748202607214338;	1.38300984488;255.228634203;
0;3.6085788903994183;-9.748202607214338;	-159.213436036;188.727292903;
0;3.6085788903994183;-9.748202607214338;	-98.8215679069;245.237152074;
0;3.6085788903994183;-9.748202607214338;	-90.0266011337;-217.159763503;
0;3.6085788903994183;-9.748202607214338;	-151.303825422;52.318165043;
0;3.6085788903994183;-9.748202607214338;	220.172363959;-164.088845933;
0;3.6085788903994183;-9.748202607214338;	-129.243019634;69.0352911245;
0;3.6085788903994183;-9.748202607214338;	101.794858169;-250.786547505;
0;3.6085788903994183;-9.748202607214338;	64.39418356;-75.9822785476;
0;3.6085788903994183;-9.748202607214338;	107.805867185;291.929472089;
0;3.6085788903994183;-9.748202607214338;	-230.042456477;268.609384553;
0;3.6085788903994183;-9.748202607214338;	57.5915416012;284.067950946;
0;3.6085788903994183;-9.748202607214338;	-153.381886351;-132.724441165;
0;3.6085788903994183;-9.748202607214338;	162.616270903;36.990237179;
0;3.6085788903994183;-9.748202607214338;	105.128336823;-162.069277315;
0;3.6085788903994183;-9.748202607214338;	175.314189878;-254.06134424;
0;3.6085788903994183;-9.748202607214338;	-195.094050254;161.319815317;
0;3.6085788903994183;-9.748202607214338;	-214.164888196;-95.0516893088;
0;3.6085788903994183;-9.748202607214338;	-137.212981399;-128.845446181;
0;3.6085788903994183;-9.748202607214338;	-288.793915919;-103.05766499;
0;3.6085788903994183;-9.748202607214338;	-212.200164465;231.676981015;
0;3.6085788903994183;-9.748202607214338;	-154.245607789;-289.287245596;
0;3.6085788903994183;-9.748202607214338;	-287.785448697;-143.989244166;
0;3.6085788903994183;-9.748202607214338;	-125.013114348;192.659374726;
0;3.6085788903994183;-9.748202607214338;	104.56604152;299.017151078;
0;3.6085788903994183;-9.748202607214338;	-291.230119415;267.162521822;
0;3.6085788903994183;-9.748202607214338;	-32.8839437928;77.8359799926;
0;3.6085788903994183;-9.748202607214338;	-95.7987780577;-231.649125709;
0;3.6085788903994183;-9.748202607214338;	-168.140167696;-111.445373088;
0;3.6085788903994183;-9.748202607214338;	-237.785028623;-238.025657578;
0;3.6085788903994183;-9.748202607214338;	-84.7744949637;-149.701355231;
0;3.6085788903994183;-9.748202607214338;	-200.12549955;-211.693343883;
0;3.6085788903994183;-9.748202607214338;	153.628390251;-199.31605946;
0;3.6085788903994183;-9.748202607214338;	207.344419615;104.154040618;
0;3.6085788903994183;-9.748202607214338;	68.2601467872;-72.3001112725;
0;3.6085788903994183;-9.748202607214338;	117.259405981;-190.0613159;
0;3.6085788903994183;-9.748202607214338;	115.876461275;-10.9290093087;
0;3.6085788903994183;-9.748202607214338;	101.853476295;254.725448677;
0;3.6085788903994183;-9.748202607214338;	-21.7263105478;188.078665326;
0;3.6085788903994183;-9.748202607214338;	-135.574819613;196.015918155;
0;3.6085788903994183;-9.748202607214338;	56.9981131984;272.645854161;
0;3.6085788903994183;-9.748202607214338;	237.915914128;119.930026765;
0;3.6085788903994183;-9.748202607214338;	242.497061766;-198.246260979;
0;3.6085788903994183;-9.748202607214338;	-71.0518957223;299.447619211;
0;3.6085788903994183;-9.748202607214338;	-93.6813964091;-206.966642029;
0;3.6085788903994183;-9.748202607214338;	125.994297593;-146.882358886;
0;3.6085788903994183;-9.748202607214338;	170.704300972;-128.605374021;
0;3.6085788903994183;-9.748202607214338;	-176.377920469;147.300724615;
0;3.6085788903994183;-9.748202607214338;	-231.069994923;133.200448516;
0;3.6085788903994183;-9.748202607214338;	191.390571284;-191.634818315;
0;3.6085788903994183;-9.748202607214338;	-253.669952465;-31.6783036051;
0;3.6085788903994183;-9.748202607214338;	176.228684267;104.836729833;
0;3.6085788903994183;-9.748202607214338;	102.980145745;-91.7982796956;
0;3.6085788903994183;-9.748202607214338;	235.901565472;70.0624647969;
0;3.6085788903994183;-9.748202607214338;	293.229663823;294.797125513;
0;3.6085788903994183;-9.748202607214338;	127.429088069;-230.593297946;
0;3.6085788903994183;-9.748202607214338;	-58.7612036079;186.021912948;
0;3.6085788903994183;-9.748202607214338;	-190.480409524;-132.863625114;
0;3.6085788903994183;-9.748202607214338;	92.8287673526;222.36819422;
0;3.6085788903994183;-9.748202607214338;	-142.672227819;-27.3597877467;
0;3.6085788903994183;-9.748202607214338;	20.345888193;116.875905404;
0;3.6085788903994183;-9.748202607214338;	-10.3870850951;274.034495851;
0;3.6085788903994183;-9.748202607214338;	285.753661414;-255.216146166;
0;3.6085788903994183;-9.748202607214338;	-3.84319641375;-206.828513838;
0;3.6085788903994183;-9.748202607214338;	87.3610687758;-160.586838554;
0;3.6085788903994183;-9.748202607214338;	11.5448182898;199.288093572;
0;3.6085788903994183;-9.748202607214338;	-131.45870678;254.178354778;
0;3.6085788903994183;-9.748202607214338;	-65.4816107517;107.802087038;
0;3.6085788903994183;-9.748202607214338;	40.8257620373;-276.003889639;
0;3.6085788903994183;-9.748202607214338;	163.288046871;274.488695358;
0;3.6085788903994183;-9.748202607214338;	273.948920861;-263.015530039;
0;3.6085788903994183;-9.748202607214338;	-3.03631236993;-253.749393498;
0;3.6085788903994183;-9.748202607214338;	-175.732602277;-263.344524634;
0;3.6085788903994183;-9.748202607214338;	121.923162278;-158.406671044;
0;3.6085788903994183;-9.748202607214338;	-255.316829311;62.3918974929;
0;3.6085788903994183;-9.748202607214338;	-295.980627024;-30.0878281709;
0;3.6085788903994183;-9.748202607214338;	-115.641279584;180.828376355;
0;3.6085788903994183;-9.748202607214338;	138.480421953;228.811199357;
0;3.6085788903994183;-9.748202607214338;	-170.744855616;247.878229293;
0;3.6085788903994183;-9.748202607214338;	222.688119358;170.611404882;
0;3.6085788903994183;-9.748202607214338;	224.7985778;-69.1768846673;
0;3.6085788903994183;-9.748202607214338;	234.41661227;-229.478688118;
0;3.6085788903994183;-9.748202607214338;	123.10134735;-15.7814904722;
0;3.6085788903994183;-9.748202607214338;	-226.730789935;224.345530889;
0;3.6085788903994183;-9.748202607214338;	278.592895779;-149.768555935;
0;3.6085788903994183;-9.748202607214338;	-227.383550471;-123.627931163;
0;3.6085788903994183;-9.748202607214338;	87.7961437599;-128.819986477;
0;3.6085788903994183;-9.748202607214338;	36.7820881107;151.282768365;
0;3.6085788903994183;-9.748202607214338;	262.679687369;-204.655542381;
0;3.6085788903994183;-9.748202607214338;	239.40588484;-219.736402528;
0;3.6085788903994183;-9.748202607214338;	120.113610457;150.313509918;
0;3.6085788903994183;-9.748202607214338;	170.643982024;-76.6243361789;
0;3.6085788903994183;-9.748202607214338;	-37.0634699593;-19.2887724139;
0;3.6085788903994183;-9.748202607214338;	-37.769367137;-168.629150215;
0;3.6085788903994183;-9.748202607214338;	-190.891432123;164.363673604;
0;3.6085788903994183;-9.748202607214338;	241.624083194;-0.112307339381;
0;3.6085788903994183;-9.748202607214338;	-285.391519363;-252.841163658;
0;3.6085788903994183;-9.748202607214338;	-183.288171938;-129.461357752;
0;3.6085788903994183;-9.748202607214338;	-4.54166827625;-48.4594107055;
0;3.6085788903994183;-9.748202607214338;	179.704720549;96.6779363519;
0;3.6085788903994183;-9.748202607214338;	269.352858182;-115.946269509;
0;3.6085788903994183;-9.748202607214338;	42.1808949657;-95.8568680875;
0;3.6085788903994183;-9.748202607214338;	-84.553437703;238.050103344;
0;3.6085788903994183;-9.748202607214338;	-79.0129493926;82.0473751032;
0;3.6085788903994183;-9.748202607214338;	-258.599471894;51.2249802524;
0;3.6085788903994183;-9.748202607214338;	259.658975923;242.135250973;
0;3.6085788903994183;-9.748202607214338;	-33.7415324556;202.859004635;
0;3.6085788903994183;-9.748202607214338;	-271.994166918;109.544034701;
0;3.6085788903994183;-9.748202607214338;	-295.254313191;196.415363899;
0;3.6085788903994183;-9.748202607214338;	-229.391694686;51.8247232845;
0;3.6085788903994183;-9.748202607214338;	-11.144197997;-120.172791673;
0;3.6085788903994183;-9.748202607214338;	87.7441718776;-39.2892674066;
0;3.6085788903994183;-9.748202607214338;	207.980270506;-225.947117228;
0;3.6085788903994183;-9.748202607214338;	217.930479519;-42.7363948179;
0;3.6085788903994183;-9.748202607214338;	72.2922304194;212.631145813;
0;3.6085788903994183;-9.748202607214338;	97.9167879699;-246.21515184;
0;3.6085788903994183;-9.748202607214338;	-162.940742221;-248.974779282;
0;3.6085788903994183;-9.748202607214338;	151.931382111;-142.070177673;
0;3.6085788903994183;-9.748202607214338;	-42.7906302995;147.837214197;
0;3.6085788903994183;-9.748202607214338;	69.3392328225;-146.661265293;
0;3.6085788903994183;-9.748202607214338;	-228.932402653;115.481906873;
0;3.6085788903994183;-9.748202607214338;	-249.764836957;-42.5362824285;
0;3.6085788903994183;-9.748202607214338;	127.258305781;-49.7996642665;
0;3.6085788903994183;-9.748202607214338;	-214.782136546;268.722260143;
0;3.6085788903994183;-9.748202607214338;	296.939790303;282.812886048;
0;3.6085788903994183;-9.748202607214338;	-291.281772161;-145.449136527;
0;3.6085788903994183;-9.748202607214338;	276.244043526;130.847853543;
0;3.6085788903994183;-9.748202607214338;	-262.402130185;-21.8118057266;
0;3.6085788903994183;-9.748202607214338;	122.287421053;251.009719608;
0;3.6085788903994183;-9.748202607214338;	298.578937175;-256.537397414;
0;3.6085788903994183;-9.748202607214338;	237.544000258;26.4897108691;
0;3.6085788903994183;-9.748202607214338;	-240.568887292;140.915751039;
0;3.6085788903994183;-9.748202607214338;	-68.1301105845;-223.387220443;
0;3.6085788903994183;-9.748202607214338;	282.090336934;83.4058483745;
0;3.6085788903994183;-9.748202607214338;	259.972248847;-230.2930794;
0;3.6085788903994183;-9.748202607214338;	-146.86605865;32.4659830132;
0;3.6085788903994183;-9.748202607214338;	-103.780425855;-220.885362017;
0;3.6085788903994183;-9.748202607214338;	64.7769635324;253.773157701;
0;3.6085788903994183;-9.748202607214338;	263.761866236;-57.7027869654;
0;3.6085788903994183;-9.748202607214338;	-73.6232073216;-77.7996933688;
0;3.6085788903994183;-9.748202607214338;	-57.8712295678;-243.237729273;
0;3.6085788903994183;-9.748202607214338;	296.805503059;87.7919675812;
0;3.6085788903994183;-9.748202607214338;	2.86611816107;-242.547552506;
0;3.6085788903994183;-9.748202607214338;	202.517168615;-222.136030684;
0;3.6085788903994183;-9.748202607214338;	-138.305161429;-101.223697604;
0;3.6085788903994183;-9.748202607214338;	-96.3460742689;113.90126586;
0;3.6085788903994183;-9.748202607214338;	-177.175822991;-299.414878011;
0;3.6085788903994183;-9.748202607214338;	-100.532146717;-194.214990271;
0;3.6085788903994183;-9.748202607214338;	112.41419936;260.555729423;
0;3.6085788903994183;-9.748202607214338;	31.0426525433;-56.4021761254;
0;3.6085788903994183;-9.748202607214338;	99.3235091047;4.52499921817;
0;3.6085788903994183;-9.748202607214338;	-224.962078149;-295.616414962;
0;3.6085788903994183;-9.748202607214338;	192.584423375;49.0287268004;
0;3.6085788903994183;-9.748202607214338;	240.90286266;96.3029381505;
0;3.6085788903994183;-9.748202607214338;	-203.885872951;-292.523471992;
0;3.6085788903994183;-9.748202607214338;	299.331832867;287.30507963;
0;3.6085788903994183;-9.748202607214338;	59.2103303922;-239.941244152;
0;3.6085788903994183;-9.748202607214338;	154.701543736;-226.323968036;
0;3.6085788903994183;-9.748202607214338;	-14.9320377109;-136.268966962;
0;3.6085788903994183;-9.748202607214338;	208.497997165;-56.1865133922;
0;3.6085788903994183;-9.748202607214338;	-106.762323522;187.860706505;
0;3.6085788903994183;-9.748202607214338;	-116.518367667;80.5176651089;
0;3.6085788903994183;-9.748202607214338;	2.09618957846;242.182741276;
0;3.6085788903994183;-9.748202607214338;	-127.054584693;-180.112074317;
0;3.6085788903994183;-9.748202607214338;	88.8514882287;127.917920794;
0;3.6085788903994183;-9.748202607214338;	-209.682486319;-60.5242616029;
0;3.6085788903994183;-9.748202607214338;	-30.2822434104;155.254945197;
0;3.6085788903994183;-9.748202607214338;	79.0882214624;-230.82601514;
0;3.6085788903994183;-9.748202607214338;	175.113700585;-158.168592343;
0;3.6085788903994183;-9.748202607214338;	269.651969802;114.559242098;
0;3.6085788903994183;-9.748202607214338;	299.758965529;-51.8151273569;
0;3.6085788903994183;-9.748202607214338;	-225.263191667;-215.536126513;
0;3.6085788903994183;-9.748202607214338;	162.430266955;67.0315109532;
0;3.6085788903994183;-9.748202607214338;	-52.4130095046;68.1388992013;
0;3.6085788903994183;-9.748202607214338;	-104.219849084;203.624686903;
0;3.6085788903994183;-9.748202607214338;	-51.410011034;-26.3570045362;
0;3.6085788903994183;-9.748202607214338;	-35.2659543611;-67.1159238663;
0;3.6085788903994183;-9.748202607214338;	-38.4090506672;163.356636188;
0;3.6085788903994183;-9.748202607214338;	-190.570343952;-65.0667145327;
0;3.6085788903994183;-9.748202607214338;	249.867603771;25.3016386541;
0;3.6085788903994183;-9.748202607214338;	-201.608650777;-107.749061584;
0;3.6085788903994183;-9.748202607214338;	157.042391499;276.477650907;
0;3.6085788903994183;-9.748202607214338;	14.8613379534;-222.728231977;
0;3.6085788903994183;-9.748202607214338;	-257.132045857;-150.317423655;
0;3.6085788903994183;-9.748202607214338;	178.231973669;168.010203317;
0;3.6085788903994183;-9.748202607214338;	182.688977546;101.858903955;
0;3.6085788903994183;-9.748202607214338;	46.8004013443;238.486428005;
0;3.6085788903994183;-9.748202607214338;	-138.871933494;79.5804872134;
0;3.6085788903994183;-9.748202607214338;	-246.582752953;-203.306221146;
0;3.6085788903994183;-9.748202607214338;	280.509663626;-47.2850723097;
0;3.6085788903994183;-9.748202607214338;	-59.847892232;127.708276616;
0;3.6085788903994183;-9.748202607214338;	35.2176042497;-181.311970701;
0;3.6085788903994183;-9.748202607214338;	-55.8446635406;166.68809922;
0;3.6085788903994183;-9.748202607214338;	-270.241473946;268.965468277;
0;3.6085788903994183;-9.748202607214338;	171.951555641;-197.616943818;
0;3.6085788903994183;-9.748202607214338;	-127.011378753;158.254372294;
0;3.6085788903994183;-9.748202607214338;	239.149125867;273.305969555;
0;3.6085788903994183;-9.748202607214338;	2.58753144521;-277.46857208;
0;3.6085788903994183;-9.748202607214338;	-73.7254266618;89.1671623229;
0;3.6085788903994183;-9.748202607214338;	137.425756458;250.016823618;
0;3.6085788903994183;-9.748202607214338;	153.8423509;112.630154193;
0;3.6085788903994183;-9.748202607214338;	-145.043971403;297.918426683;
0;3.6085788903994183;-9.748202607214338;	71.1516017761;-110.668622699;
0;3.6085788903994183;-9.748202607214338;	-55.1554506615;291.711774133;
0;3.6085788903994183;-9.748202607214338;	286.403249567;206.555692098;
0;3.6085788903994183;-9.748202607214338;	-195.943011203;-243.392931654;
0;3.6085788903994183;-9.748202607214338;	-252.878663388;13.8053796301;
0;3.6085788903994183;-9.748202607214338;	-4.80494782731;-95.8936387363;
0;3.6085788903994183;-9.748202607214338;	272.935334088;6.43270448316;
0;3.6085788903994183;-9.748202607214338;	75.3885449927;-45.2126572846;
0;3.6085788903994183;-9.748202607214338;	89.254930947;-7.34024203846;
0;3.6085788903994183;-9.748202607214338;	-268.681112561;-278.536971549;
0;3.6085788903994183;-9.748202607214338;	-88.7664110632;-187.910376088;
0;3.6085788903994183;-9.748202607214338;	92.1859219367;170.586777891;
0;3.6085788903994183;-9.748202607214338;	-244.244201976;174.278615223;
0;3.6085788903994183;-9.748202607214338;	-236.93168152;267.843807334;
0;3.6085788903994183;-9.748202607214338;	-44.8188646853;53.6532838096;
0;3.6085788903994183;-9.748202607214338;	-16.1445080018;56.3770975897;
0;3.6085788903994183;-9.748202607214338;	-42.90008839;277.126337023;
0;3.6085788903994183;-9.748202607214338;	52.114544046;-222.430819596;
0;3.6085788903994183;-9.748202607214338;	-124.694634128;-289.655041945;
0;3.6085788903994183;-9.748202607214338;	85.7632370707;79.4620067574;
0;3.6085788903994183;-9.748202607214338;	-109.690752858;94.5649095895;
0;3.6085788903994183;-9.748202607214338;	-46.1762153498;-292.823456289;
0;3.6085788903994183;-9.748202607214338;	299.450930382;48.4816346365;
0;3.6085788903994183;-9.748202607214338;	164.973089125;104.268699345;
0;3.6085788903994183;-9.748202607214338;	235.924299985;32.4647468523;
0;3.6085788903994183;-9.748202607214338;	128.410616669;-251.032447113;
0;3.6085788903994183;-9.748202607214338;	204.321671366;48.7973836407;
0;3.6085788903994183;-9.748202607214338;	-122.322117649;101.811083152;
0;3.6085788903994183;-9.748202607214338;	102.113812538;-91.5763287562;
0;3.6085788903994183;-9.748202607214338;	149.256659835;-80.0367294613;
0;3.6085788903994183;-9.748202607214338;	255.154431528;-238.39745222;
0;3.6085788903994183;-9.748202607214338;	108.960133624;-78.2762428811;
0;3.6085788903994183;-9.748202607214338;	192.495349164;-283.385463926;
0;3.6085788903994183;-9.748202607214338;	-53.1168482018;252.186561947;
0;3.6085788903994183;-9.748202607214338;	7.41166466628;-261.833522596;
0;3.6085788903994183;-9.748202607214338;	171.143637854;236.992087265;
0;3.6085788903994183;-9.748202607214338;	-175.814968792;278.97131931;
0;3.6085788903994183;-9.748202607214338;	-91.4636903279;235.018152672;
0;3.6085788903994183;-9.748202607214338;	215.614465459;280.359009831;
0;3.6085788903994183;-9.748202607214338;	172.689514353;193.565405105;
0;3.6085788903994183;-9.748202607214338;	-254.502984804;57.4533747272;
0;3.6085788903994183;-9.748202607214338;	-50.8512862602;-81.5412235872;
0;3.6085788903994183;-9.748202607214338;	-64.2150394315;-237.027225315;
0;3.6085788903994183;-9.748202607214338;	-261.390179847;227.632014097;
0;3.6085788903994183;-9.748202607214338;	-30.543750669;-170.014449732;
0;3.6085788903994183;-9.748202607214338;	155.994060458;167.439543411;
0;3.6085788903994183;-9.748202607214338;	238.980195085;-179.80648997;
0;3.6085788903994183;-9.748202607214338;	-243.613980962;221.537496373;
0;3.6085788903994183;-9.748202607214338;	-78.2422781701;140.967417796;
0;3.6085788903994183;-9.748202607214338;	4.38568976417;-176.927246351;
0;3.6085788903994183;-9.748202607214338;	96.7067940327;90.8254959622;
0;3.6085788903994183;-9.748202607214338;	223.267546617;-262.546477588;
0;3.6085788903994183;-9.748202607214338;	284.07241816;-264.274060466;
0;3.6085788903994183;-9.748202607214338;	-6.28950939878;-26.4157406935;
0;3.6085788903994183;-9.748202607214338;	-134.22812381;-205.476547677;
0;3.6085788903994183;-9.748202607214338;	70.0398393233;201.635471462;
0;3.6085788903994183;-9.748202607214338;	143.285105861;-162.693905795;
0;3.6085788903994183;-9.748202607214338;	117.671184956;-73.9990840897;
0;3.6085788903994183;-9.748202607214338;	-277.70279544;-22.3416299332;
0;3.6085788903994183;-9.748202607214338;	-295.88735411;-279.249788274;
0;3.6085788903994183;-9.748202607214338;	-23.299009476;-197.365664837;
0;3.6085788903994183;-9.748202607214338;	-87.1927201793;-64.7485801885;
0;3.6085788903994183;-9.748202607214338;	-13.318010976;-178.343317483;
0;3.6085788903994183;-9.748202607214338;	251.727795801;175.92328298;
0;3.6085788903994183;-9.748202607214338;	-183.023405382;215.830962095;
0;3.6085788903994183;-9.748202607214338;	33.7164028799;134.097748593;
0;3.6085788903994183;-9.748202607214338;	212.692886895;245.149303219;
0;3.6085788903994183;-9.748202607214338;	-61.3046304331;39.2704494293;
0;3.6085788903994183;-9.748202607214338;	128.57242453;125.356773813;
0;3.6085788903994183;-9.748202607214338;	-95.4522901505;-262.232872346;
0;3.6085788903994183;-9.748202607214338;	-143.904993067;-241.303866524;
0;3.6085788903994183;-9.748202607214338;	28.5477777852;-55.1466256426;
0;3.6085788903994183;-9.748202607214338;	-223.133697786;-273.182845832;
0;3.6085788903994183;-9.748202607214338;	-160.518127959;-168.179792317;
0;3.6085788903994183;-9.748202607214338;	-28.0982875734;-291.925974027;
0;3.6085788903994183;-9.748202607214338;	273.529559974;-120.825425795;
0;3.6085788903994183;-9.748202607214338;	-37.9923692378;183.336350428;
0;3.6085788903994183;-9.748202607214338;	237.334744922;94.8396962368;
0;3.6085788903994183;-9.748202607214338;	95.9908153516;-295.51792721;
0;3.6085788903994183;-9.748202607214338;	-179.407920008;-91.6974733699;
0;3.6085788903994183;-9.748202607214338;	-206.378622656;-263.655307252;
0;3.6085788903994183;-9.748202607214338;	90.5698000469;146.17485218;
0;3.6085788903994183;-9.748202607214338;	-209.823728682;-194.380702729;
0;3.6085788903994183;-9.748202607214338;	-211.572815255;44.2703932176;
0;3.6085788903994183;-9.748202607214338;	3.01612914183;128.728738261;
0;3.6085788903994183;-9.748202607214338;	-273.201785092;195.433446289;
0;3.6085788903994183;-9.748202607214338;	57.860869127;-52.6563163012;
0;3.6085788903994183;-9.748202607214338;	192.066371996;-263.823280463;
0;3.6085788903994183;-9.748202607214338;	-138.679386194;149.320672181;
0;3.6085788903994183;-9.748202607214338;	106.642626481;124.671093452;
0;3.6085788903994183;-9.748202607214338;	-174.266613051;-54.4204369909;
0;3.6085788903994183;-9.748202607214338;	-131.031641814;-211.157272378;
